0.050 0 0
0.150 0 0
0.250 0 0
0.350 0 0
0.450 0 0
0.550 0 0
0.650 0 0
0.750 0 0
0.850 0 0
0.950 0 0
1.050 0 0
1.150 0 0
1.250 0 0
1.350 0 0
1.450 0 0
1.550 0 0
1.650 0 0
1.750 0 0
1.850 0 0
1.950 0 0
2.050 0.00142747 0.00015864
2.150 0.206993 0.0228555
2.250 0.756485 0.0464125
2.350 0.429813 0.000724
2.450 0.0985006 0.0036644
2.550 0.0172219 0.0025628
2.650 0.003607 0.00018982
2.750 0.00074926 0.00022037
2.850 0.000451391 0.000205165
2.950 3.83284e-05 3.83284e-05
3.050 7.16116e-05 0
3.150 0.000134325 6.71975e-05
3.250 0.000157728 9.46645e-05
3.350 0.000207898 2.964e-05
3.450 0.000504014 0.000224014
3.550 0.000793474 0.000264445
3.650 0.0024268 0.000525385
3.750 0.00478782 0.00023705
3.850 0.00690359 0.000337315
3.950 0.0120059 0.00136725
4.050 0.0170087 0.00229625
4.150 0.0208631 0.00270955
4.250 0.023067 0.0032478
4.350 0.0220364 0.00265985
4.450 0.0227066 0.0047635
4.550 0.0204154 0.0045403
4.650 0.0183906 0.0052875
4.750 0.0152902 0.00509675
4.850 0.0119456 0.00378353
4.950 0.00699222 0.00138759
5.050 0.00420855 0.0008365
5.150 0.00275228 0.00028904
5.250 0.00180193 3.6295e-05
5.350 0.00115293 0.00012809
5.450 0.000886527 3.36335e-05
5.550 0.000854855 5.4094e-05
5.650 0.000720531 9.3964e-05
5.750 0.000957788 0.000131101
5.850 0.00115903 0.0001461
5.950 0.00158176 0.00032008
6.050 0.00244965 0.0005373
6.150 0.00373663 0.00096942
6.250 0.00449703 0.00151036
6.350 0.0052575 0.00176899
6.450 0.00575268 0.00201907
6.550 0.00547738 0.00188797
6.650 0.0053591 0.00143966
6.750 0.00427974 0.00129489
6.850 0.00406337 0.00103717
6.950 0.00358149 0.00104201
7.050 0.00313192 0.0008517
7.150 0.00299276 0.00058025
7.250 0.00304391 0.000393165
7.350 0.00373915 4.94e-05
7.450 0.00462435 0.000612555
7.550 0.00508744 0.00081863
7.650 0.00550779 0.00104236
7.750 0.00546091 0.00113212
7.850 0.00461404 0.000697825
7.950 0.00392911 0.00065922
8.050 0.00374461 0.000792145
8.150 0.00351787 0.00046674
8.250 0.00346735 0.00038202
8.350 0.00311231 0.000616685
8.450 0.0031184 0.00059756
8.550 0.00301855 0.00054718
8.650 0.0036887 0.00055236
8.750 0.00413169 0.000683535
8.850 0.0050475 0.00056175
8.950 0.0065416 4.162e-05
9.050 0.00804607 0.000533165
9.150 0.00936808 0.00112672
9.250 0.0102614 0.00156611
9.350 0.0102604 0.00096466
9.450 0.0101639 0.00094433
9.550 0.00895068 0.000244895
9.650 0.00815763 0.00041166
9.750 0.00737403 0.000438355
9.850 0.00639705 0.000996325
9.950 0.00593241 0.00118517
10.050 0.00546841 0.00076895
10.150 0.00531271 0.00058887
10.250 0.00545706 0.00022212
10.350 0.00571926 0.00062853
10.450 0.00598581 0.00126672
10.550 0.0066006 0.0018029
10.650 0.00705319 0.00174566
10.750 0.00796094 0.00192679
10.850 0.00801316 0.00232754
10.950 0.00815939 0.00224351
11.050 0.00810514 0.00220846
11.150 0.00811063 0.00202967
11.250 0.00820932 0.00205688
11.350 0.00806534 0.00145158
11.450 0.00795555 0.00099927
11.550 0.00800579 0.00083958
11.650 0.00826925 0.00056729
11.750 0.00831255 0.000147285
11.850 0.00790706 0.00010209
11.950 0.00819308 9.32e-06
12.050 0.00796354 0.000346635
12.150 0.00789403 0.000171605
12.250 0.00758789 1.78e-05
12.350 0.007365 0.00041082
12.450 0.00714392 5.5915e-05
12.550 0.00675959 0.00023705
12.650 0.00598034 0.00024791
12.750 0.00548508 0.000166065
12.850 0.00521833 0.00012311
12.950 0.00490946 0.00026241
13.050 0.00466814 0.00022121
13.150 0.00451644 9.67e-06
13.250 0.00441246 2.2845e-05
13.350 0.00464964 8.976e-05
13.450 0.00462498 2.95e-05
13.550 0.00493819 0.00010896
13.650 0.00516129 5.192e-05
13.750 0.00531041 1.4085e-05
13.850 0.00548425 0.000187645
13.950 0.00594538 0.000241535
14.050 0.00639467 0.000352945
14.150 0.00655603 0.000246365
14.250 0.00699615 0.000187155
14.350 0.00673878 0.00031237
14.450 0.00691241 0.0002395
14.550 0.00673899 0.00056049
14.650 0.00644693 0.000594825
14.750 0.00608257 0.000695585
14.850 0.00569102 0.00077238
14.950 0.00568079 0.00081877
15.050 0.00529352 0.000816735
15.150 0.00530522 0.000576605
15.250 0.005438 0.00073097
15.350 0.00548754 0.00060688
15.450 0.00556196 0.000484535
15.550 0.00594979 0.00035568
15.650 0.00595694 0.000344325
15.750 0.00602932 0.00033458
15.850 0.00644442 0.000208315
15.950 0.00650804 4.5895e-05
16.050 0.00666787 0.000304105
16.150 0.00672231 0.000273485
16.250 0.00715605 0.00024868
16.350 0.00746786 0.00027054
16.450 0.0075202 1.85e-05
16.550 0.00774485 0.000172795
16.650 0.00807411 3.006e-05
16.750 0.00835697 0.000194795
16.850 0.00893197 0.000345165
16.950 0.00909033 0.00017055
17.050 0.00922136 9.4035e-05
17.150 0.00969665 9.747e-05
17.250 0.00958005 0.00012101
17.350 0.00990401 0.000159495
17.450 0.00988169 0.00022001
17.550 0.00973694 5.087e-05
17.650 0.00984093 0.00022577
17.750 0.00972502 0.000101605
17.850 0.00989045 0.00025315
17.950 0.0100423 0.00024102
18.050 0.0102884 0.000681385
18.150 0.0105579 0.00035415
18.250 0.0109659 0.0002732
18.350 0.0113109 0.0004435
18.450 0.0118359 0.00036915
18.550 0.012134 0.0002383
18.650 0.0122649 0.00042165
18.750 0.012671 0.0002124
18.850 0.0126111 0.0005244
18.950 0.012921 0.00040475
19.050 0.0132698 0.0006935
19.150 0.0133843 0.0002846
19.250 0.0132861 0.0007196
19.350 0.0134857 0.00059285
19.450 0.0133597 0.00059035
19.550 0.0136551 0.00032185
19.650 0.0138212 0.00033325
19.750 0.0139995 0.00011615
19.850 0.0140414 0.000291
19.950 0.0142586 5.78e-05
