0.050 0 0
0.150 0 0
0.250 0 0
0.350 0 0
0.450 0 0
0.550 0 0
0.650 0 0
0.750 0 0
0.850 0 0
0.950 0 0
1.050 0 0
1.150 0 0
1.250 0 0
1.350 0 0
1.450 0 0
1.550 0 0
1.650 0 0
1.750 0 0
1.850 0 0
1.950 0 0
2.050 0 0
2.150 7.2102e-05 7.2102e-05
2.250 0.000526645 0.000526645
2.350 0.000663845 0.000543185
2.450 0.000222122 0.000222122
2.550 0 0
2.650 0 0
2.750 0 0
2.850 0 0
2.950 0 0
3.050 0 0
3.150 6.7197e-05 6.7197e-05
3.250 0.000157728 9.46645e-05
3.350 0.000445506 2.97095e-05
3.450 0.000924156 0.000252044
3.550 0.0019572 0
3.650 0.00315238 0.00020019
3.750 0.00542776 0.000355535
3.850 0.00876997 0.000764605
3.950 0.0132664 0.00040595
4.050 0.0201788 0.00107705
4.150 0.0283724 0.00023225
4.250 0.0341022 0.001993
4.350 0.0365333 0.00355825
4.450 0.0363239 0.000606
4.550 0.034616 0.0011915
4.650 0.0302451 0.00271315
4.750 0.0259861 0.0021717
4.850 0.0214822 0.0015304
4.950 0.0180384 0.00204055
5.050 0.0154882 0.00058815
5.150 0.0153575 0.0003519
5.250 0.0155158 0.00081025
5.350 0.0169442 0.0027134
5.450 0.0193692 0.00412975
5.550 0.0203766 0.00234825
5.650 0.0232223 0.0015663
5.750 0.0256276 0.0019558
5.850 0.0289374 0.00045775
5.950 0.0323321 0.00045195
6.050 0.0369821 0.000173
6.150 0.0391116 0.0006698
6.250 0.0413773 0.000128
6.350 0.0413077 0.0006861
6.450 0.0414149 0.00181875
6.550 0.0403698 0.002797
6.650 0.0380569 0.0030527
6.750 0.0371132 0.0035628
6.850 0.0348085 0.0032962
6.950 0.0350977 0.0033262
7.050 0.0357051 0.00148885
7.150 0.0351568 0.0005607
7.250 0.0339716 0.00118585
7.350 0.0309372 0.0008515
7.450 0.0282686 0.0006066
7.550 0.0266418 0.0002807
7.650 0.0265707 0.00067775
7.750 0.0265275 0.00044395
7.850 0.0266404 0.00073025
7.950 0.0258425 3.165e-05
8.050 0.024649 0.00113165
8.150 0.0223868 0.00082805
8.250 0.0205837 0.00141535
8.350 0.0188316 0.000588
8.450 0.0173381 0.00107375
8.550 0.0153527 0.0003238
8.650 0.0149329 0.0003208
8.750 0.0129958 0.00039615
8.850 0.0126016 0.0007193
8.950 0.0116183 9.15e-05
9.050 0.010781 0.000809895
9.150 0.0100848 0.00054543
9.250 0.010016 0.00089989
9.350 0.0094902 0.000743495
9.450 0.00924939 0.00065698
9.550 0.00860713 0.00091007
9.650 0.00875897 0.00074814
9.750 0.00844001 0.00108349
9.850 0.00839313 0.00101349
9.950 0.00826574 0.00108749
10.050 0.00841562 0.00123428
10.150 0.00833147 0.00103858
10.250 0.008249 0.00083755
10.350 0.00850112 0.000846375
10.450 0.00825678 0.00143153
10.550 0.00852627 0.00084757
10.650 0.00870488 0.00096984
10.750 0.00869941 0.00107873
10.850 0.00869836 0.00099668
10.950 0.00897666 0.00114814
11.050 0.00915618 0.00111382
11.150 0.00902757 0.00123073
11.250 0.0090495 0.001043
11.350 0.00946515 0.00137654
11.450 0.00943528 0.00106022
11.550 0.00940009 0.00107941
11.650 0.00914113 0.000928365
11.750 0.00917212 0.000828175
11.850 0.00923874 0.00101126
11.950 0.0092435 0.000597555
12.050 0.00913434 0.00036955
12.150 0.00913139 0.00042
12.250 0.00926502 9.5505e-05
12.350 0.00903904 9.179e-05
12.450 0.00908584 0.000384965
12.550 0.0093924 0.000148195
12.650 0.00899041 6.25e-05
12.750 0.00940347 8.6115e-05
12.850 0.0091548 3.4335e-05
12.950 0.00934588 1.198e-05
13.050 0.00956919 0.00012332
13.150 0.00990036 0.00010414
13.250 0.0101084 0.000144295
13.350 0.00996502 0.000100975
13.450 0.0103315 0.00067623
13.550 0.0104064 0.000737055
13.650 0.0108252 0.00061715
13.750 0.0103598 0.00108607
13.850 0.01064 0.00132588
13.950 0.0108871 0.00138746
14.050 0.0102599 0.00156362
14.150 0.0105832 0.00118033
14.250 0.010422 0.0010752
14.350 0.010444 0.00092598
14.450 0.0105985 0.000905175
14.550 0.0105352 0.00071962
14.650 0.010864 0.0004551
14.750 0.0107309 0.00025125
14.850 0.0111251 0.00012695
14.950 0.0115718 4.5e-06
15.050 0.0116201 0.00037965
15.150 0.0115733 0.00028315
15.250 0.0120784 0.0005547
15.350 0.0116726 0.00047955
15.450 0.0122285 0.00014665
15.550 0.0125088 0.0003694
15.650 0.0128925 0.0003362
15.750 0.0129376 0.0001801
15.850 0.0135059 1.195e-05
15.950 0.0138782 0.00015205
16.050 0.0145429 0.00017985
16.150 0.0147878 8.82e-05
16.250 0.0152754 1.89e-05
16.350 0.0152862 0.00056735
16.450 0.0156958 7.885e-05
16.550 0.015738 9.005e-05
16.650 0.015844 0.00041485
16.750 0.0163053 0.00013305
16.850 0.0161206 0.00017255
16.950 0.0163172 3.01e-05
17.050 0.0166229 6.535e-05
17.150 0.0163842 0.00032295
17.250 0.0167662 0.00024305
17.350 0.01691 0.00022695
17.450 0.0170256 4.265e-05
17.550 0.0169393 0.00023595
17.650 0.016966 0.00010915
17.750 0.0168929 0.000274
17.850 0.0170065 0.0003829
17.950 0.0170027 0.00015
18.050 0.0167667 0.0004911
18.150 0.0170004 0.0002783
18.250 0.0171459 0.0002762
18.350 0.0174416 0.00062665
18.450 0.017538 0.00042305
18.550 0.0179103 0.00092125
18.650 0.0181443 0.00062005
18.750 0.0182035 0.0007045
18.850 0.0186272 0.00073735
18.950 0.0187346 0.00106285
19.050 0.0190685 0.00064475
19.150 0.0192234 0.0005644
19.250 0.0196619 0.00076825
19.350 0.0199622 0.0010514
19.450 0.0200325 0.00078505
19.550 0.0203548 0.0004248
19.650 0.0205314 0.00034625
19.750 0.020988 0.0004034
19.850 0.0210724 0.0004052
19.950 0.021499 0.00066835
