0.050 0 0
0.150 0 0
0.250 0 0
0.350 0 0
0.450 0 0
0.550 0 0
0.650 0 0
0.750 0 0
0.850 0 0
0.950 0 0
1.050 0 0
1.150 0 0
1.250 0 0
1.350 0 0
1.450 0 0
1.550 0 0
1.650 0 0
1.750 0 0
1.850 0 0
1.950 0 0
2.050 0 0
2.150 0 0
2.250 0 0
2.350 0 0
2.450 0 0
2.550 0 0
2.650 0 0
2.750 0 0
2.850 0 0
2.950 8.51117e-05 0.000120366
3.050 0 0
3.150 7.4648e-05 0.000105568
3.250 0 0
3.350 0 0
3.450 6.22223e-05 8.79957e-05
3.550 0.000117531 8.31067e-05
3.650 5.5589e-05 7.86147e-05
3.750 0.000589945 0.00038303
3.850 0.00154911 0.000463461
3.950 0.00330418 0.000799924
4.050 0.00667432 0.00143889
4.150 0.0149668 0.00273902
4.250 0.0227102 0.00263144
4.350 0.0302586 0.000241315
4.450 0.0351157 0.00158173
4.550 0.0350775 0.00375148
4.650 0.0302143 0.00137368
4.750 0.0227245 0.00233012
4.850 0.0158708 0.000672487
4.950 0.0121344 0.000640902
5.050 0.0110429 0.000910027
5.150 0.0111768 0.00115826
5.250 0.0137918 0.001144
5.350 0.0142955 0.00152988
5.450 0.0148331 0.00342498
5.550 0.0145391 0.0046091
5.650 0.0149478 0.00422969
5.750 0.0165205 0.00448914
5.850 0.0169345 0.00389833
5.950 0.0178556 0.00406552
6.050 0.0195084 0.00186553
6.150 0.0203323 0.00211574
6.250 0.021788 0.00213311
6.350 0.0236459 0.00117218
6.450 0.0244603 0.00151302
6.550 0.0270583 0.00179453
6.650 0.0289607 0.00124874
6.750 0.0301769 0.00330933
6.850 0.0295391 0.00287484
6.950 0.0281216 0.00209535
7.050 0.0267036 0.00310966
7.150 0.0251099 0.00342202
7.250 0.022435 0.000743827
7.350 0.0222208 0.00183814
7.450 0.0192074 0.00131395
7.550 0.0174493 0.00133491
7.650 0.0159227 0.00106919
7.750 0.0134228 0.00108758
7.850 0.013124 0.000830282
7.950 0.0118254 0.00130622
8.050 0.01264 0.000378445
8.150 0.0133867 0.000682466
8.250 0.0130554 0.00137928
8.350 0.0132651 0.0025121
8.450 0.0137041 0.00299011
8.550 0.0142649 0.00338043
8.650 0.0138222 0.00302755
8.750 0.0140673 0.00351077
8.850 0.013492 0.00373909
8.950 0.0146736 0.00396775
9.050 0.0136258 0.00356165
9.150 0.0130483 0.00257855
9.250 0.0126776 0.00239471
9.350 0.0121503 0.00265362
9.450 0.0114715 0.00170486
9.550 0.0110393 0.00173156
9.650 0.0101928 0.00132919
9.750 0.0100019 0.001283
9.850 0.00894015 0.00019101
9.950 0.00868808 0.000644023
10.050 0.00864805 0.000533677
10.150 0.00805287 0.000865912
10.250 0.00803891 0.000811449
10.350 0.00788569 0.000466506
10.450 0.00774227 8.89227e-05
10.550 0.00781314 0.000375085
10.650 0.00801849 0.000266178
10.750 0.00795459 0.000597123
10.850 0.00841019 0.000875674
10.950 0.0084092 0.0006011
11.050 0.00859017 2.5767e-05
11.150 0.008432 0.000352562
11.250 0.0091654 0.000159622
11.350 0.00931736 0.000200019
11.450 0.00981415 0.000520207
11.550 0.00986264 0.000645905
11.650 0.0100957 0.000173205
11.750 0.0105062 0.000524408
11.850 0.010567 0.000613645
11.950 0.00984209 0.00106712
12.050 0.0102344 0.000538941
12.150 0.00970943 0.000720829
12.250 0.00968878 0.000521198
12.350 0.00891179 0.000726163
12.450 0.00922038 0.000581425
12.550 0.00898647 0.000844853
12.650 0.0090616 0.000736256
12.750 0.00934109 0.000671692
12.850 0.00954799 0.000738672
12.950 0.00907426 0.000502228
13.050 0.00948291 0.00127849
13.150 0.00995777 0.00153767
13.250 0.00993291 0.00190478
13.350 0.00998992 0.00154328
13.450 0.0101163 0.00205501
13.550 0.00955522 0.00168835
13.650 0.00960974 0.00181883
13.750 0.00915385 0.001734
13.850 0.00908318 0.00170027
13.950 0.00883851 0.00169581
14.050 0.00924897 0.00135222
14.150 0.00916381 0.00108758
14.250 0.00939394 0.00109355
14.350 0.00907277 0.00108808
14.450 0.00935136 0.0011547
14.550 0.00931144 0.000997452
14.650 0.00927723 0.000984332
14.750 0.00959581 0.000853148
14.850 0.0100011 0.00119781
14.950 0.0101276 0.000864578
15.050 0.0103951 0.000810147
15.150 0.0104997 0.000981624
15.250 0.0108408 0.00102716
15.350 0.0110107 0.000853681
15.450 0.0116233 0.000792441
15.550 0.0117616 0.000998673
15.650 0.0122814 0.00117287
15.750 0.0128808 0.00107462
15.850 0.013023 0.00104482
15.950 0.0144244 0.00106098
16.050 0.0145955 0.000952631
16.150 0.014705 0.000926031
16.250 0.0149442 0.000622905
16.350 0.0147409 0.000726524
16.450 0.0155745 0.000680015
16.550 0.0155356 0.000447743
16.650 0.0152823 0.000610068
16.750 0.0152767 0.00086615
16.850 0.0155264 0.00103477
16.950 0.0155036 0.00119121
17.050 0.0151087 0.00104388
17.150 0.0160442 0.000825642
17.250 0.0162943 0.00108606
17.350 0.016608 0.00084387
17.450 0.0164421 0.000727595
17.550 0.0165833 0.000982598
17.650 0.0165353 0.000781678
17.750 0.0164444 0.00108139
17.850 0.0166039 0.00106332
17.950 0.0168433 0.00145163
18.050 0.0165753 0.00127398
18.150 0.0170007 0.00120039
18.250 0.0172811 0.00139352
18.350 0.0173317 0.00102815
18.450 0.0177763 0.00121955
18.550 0.0178452 0.00146681
18.650 0.0180645 0.00107571
18.750 0.0183413 0.00151958
18.850 0.0185529 0.00093194
18.950 0.0188267 0.0011871
19.050 0.0187084 0.000878308
19.150 0.0185971 0.00109666
19.250 0.0186583 0.000938566
19.350 0.018568 0.000939786
19.450 0.0186776 0.00102499
19.550 0.0191959 0.00101171
19.650 0.0190912 0.00106593
19.750 0.0196933 0.00105989
19.850 0.0197653 0.000744301
19.950 0.0203657 0.000597533
