0.050 0 0
0.150 0 0
0.250 0 0
0.350 0 0
0.450 0 0
0.550 0 0
0.650 0 0
0.750 0 0
0.850 0 0
0.950 0 0
1.050 0 0
1.150 0 0
1.250 0 0
1.350 0 0
1.450 0 0
1.550 0 0
1.650 0 0
1.750 0 0
1.850 0 0
1.950 0 0
2.050 0 0
2.150 0.00797883 0.0112838
2.250 0.0529297 0.0748539
2.350 0.0523837 0.0740817
2.450 0.0161392 0.0228243
2.550 0.0040321 0.00570225
2.650 0.000189843 0.000268479
2.750 0.000411357 0.000581746
2.850 0 0
2.950 0 0
3.050 0 0
3.150 0 0
3.250 0 0
3.350 0 0
3.450 0 0
3.550 0 0
3.650 0 0
3.750 0 0
3.850 0 0
3.950 0 0
4.050 0 0
4.150 0 0
4.250 0 0
4.350 0 0
4.450 2.24224e-05 3.17101e-05
4.550 0.00011029 8.12272e-05
4.650 0.000124725 0.000132569
4.750 0.000101181 7.4515e-05
4.850 5.79712e-05 4.632e-05
4.950 3.75109e-05 2.65691e-05
5.050 8.9503e-05 6.59149e-05
5.150 1.67701e-05 2.37165e-05
5.250 1.72372e-05 2.43771e-05
5.350 1.55088e-05 2.19328e-05
5.450 0 0
5.550 0 0
5.650 1.39206e-05 1.96867e-05
5.750 1.34535e-05 1.90261e-05
5.850 0 0
5.950 0 0
6.050 5.02169e-05 3.55651e-05
6.150 0 0
6.250 3.41473e-05 4.82916e-05
6.350 4.63397e-05 4.42579e-05
6.450 5.48415e-05 4.03995e-05
6.550 0.000125005 2.85025e-05
6.650 0.000282102 2.92194e-05
6.750 0.000547621 5.66439e-05
6.850 0.000932586 6.098e-05
6.950 0.00125762 0.00032956
7.050 0.00151015 0.000274258
7.150 0.00213069 0.000382773
7.250 0.00279594 0.000297698
7.350 0.0034325 0.000384571
7.450 0.0040892 0.000183241
7.550 0.00380121 0.000197333
7.650 0.00349678 7.40554e-05
7.750 0.00300858 0.000197203
7.850 0.00254742 0.000225158
7.950 0.00254522 0.000289074
8.050 0.00200826 0.000240249
8.150 0.00168234 0.000264456
8.250 0.0016388 0.000437732
8.350 0.0015969 0.000500294
8.450 0.00161955 0.00056259
8.550 0.001923 0.000320595
8.650 0.00182238 0.000550461
8.750 0.0024305 0.000658655
8.850 0.00219483 0.000836563
8.950 0.0029925 0.000997372
9.050 0.00369031 0.000792969
9.150 0.00436667 0.000780124
9.250 0.00554726 0.000605474
9.350 0.0073468 0.000404504
9.450 0.00738258 0.000682119
9.550 0.00748437 0.00103035
9.650 0.00809384 0.00144426
9.750 0.00809548 0.0014523
9.850 0.00736352 0.00207656
9.950 0.00752581 0.00198366
10.050 0.00675456 0.00239073
10.150 0.00623745 0.0022736
10.250 0.00627389 0.00230255
10.350 0.0064614 0.00220177
10.450 0.00645383 0.00204812
10.550 0.00625502 0.00255197
10.650 0.00610838 0.00236127
10.750 0.00562322 0.00205175
10.850 0.00564256 0.00175406
10.950 0.00523344 0.00190913
11.050 0.00547738 0.0019911
11.150 0.00555165 0.00160283
11.250 0.00597338 0.00185077
11.350 0.00594937 0.0016441
11.450 0.00630626 0.00141036
11.550 0.00607695 0.00115656
11.650 0.00640464 0.00127819
11.750 0.0064009 0.000871372
11.850 0.00659883 0.00101865
11.950 0.00673233 0.000910146
12.050 0.00682931 0.000565927
12.150 0.00671356 0.000666294
12.250 0.00736044 0.000498449
12.350 0.00751487 0.000197132
12.450 0.00710441 0.000383794
12.550 0.00703102 0.000471773
12.650 0.00701107 0.000513484
12.750 0.0063754 0.000436782
12.850 0.00623072 0.000500079
12.950 0.0057428 0.000607158
13.050 0.00550914 0.000588431
13.150 0.00520929 0.000707181
13.250 0.00535826 0.000357081
13.350 0.00506443 0.000277263
13.450 0.00502272 0.000191967
13.550 0.0052681 0.000309853
13.650 0.00530178 0.000687623
13.750 0.00559145 0.000527069
13.850 0.00588495 0.000794569
13.950 0.00617257 0.00090467
14.050 0.00625758 0.000683157
14.150 0.00701425 0.0010657
14.250 0.00672388 0.000628936
14.350 0.00682043 0.000590148
14.450 0.00701322 0.00042451
14.550 0.00693259 0.000238347
14.650 0.00669463 0.00033809
14.750 0.00649092 0.000227696
14.850 0.00659644 0.000207768
14.950 0.00649166 0.000127953
15.050 0.00621587 0.000318791
15.150 0.00597885 0.000492435
15.250 0.00602023 0.000265923
15.350 0.00619247 0.000534651
15.450 0.00624357 0.000342071
15.550 0.00645766 0.000640183
15.650 0.00659201 0.000681348
15.750 0.00672135 0.000762763
15.850 0.00716023 0.000846373
15.950 0.00750525 0.000661165
16.050 0.00731653 0.000828479
16.150 0.00760742 0.000687239
16.250 0.00747928 0.000935412
16.350 0.00822767 0.00070131
16.450 0.00811183 0.000500971
16.550 0.00824561 0.00048349
16.650 0.00892833 0.000412336
16.750 0.00893861 0.000399315
16.850 0.0088463 0.000637658
16.950 0.00929362 0.00056791
17.050 0.00938607 0.000922758
17.150 0.00941508 0.000672756
17.250 0.00942836 0.00070349
17.350 0.00970087 0.000681793
17.450 0.0093722 0.000556792
17.550 0.00938808 0.000579516
17.650 0.00953416 0.00027646
17.750 0.00924019 0.000480143
17.850 0.0095426 0.000453461
17.950 0.0097661 0.000357033
18.050 0.00982331 0.000574003
18.150 0.0105183 0.000493703
18.250 0.0106965 0.000860441
18.350 0.0114107 0.000540746
18.450 0.0119686 0.000376438
18.550 0.0123368 0.000627839
18.650 0.0122925 0.000427522
18.750 0.0126468 0.000506761
18.850 0.0130055 0.000496368
18.950 0.0131585 0.000522166
19.050 0.0129387 0.000404176
19.150 0.0130512 0.000640673
19.250 0.0130086 0.000745137
19.350 0.0136108 0.000821449
19.450 0.0135568 0.00108241
19.550 0.0137046 0.00121093
19.650 0.0141828 0.00150584
19.750 0.0139955 0.00137984
19.850 0.0143855 0.00105756
19.950 0.014509 0.00129818
