0.050 0
0.150 0
0.250 0
0.350 0
0.450 0
0.550 0
0.650 0
0.750 0
0.850 0
0.950 0
1.050 0
1.150 0
1.250 0
1.350 0
1.450 0
1.550 0
1.650 0
1.750 0
1.850 0
1.950 0
2.050 0
2.150 0
2.250 0
2.350 0
2.450 0
2.550 0
2.650 0
2.750 0
2.850 0
2.950 0
3.050 0
3.150 0
3.250 0
3.350 0
3.450 0
3.550 0
3.650 0
3.750 0
3.850 0
3.950 0
4.050 0
4.150 0
4.250 0
4.350 0
4.450 0
4.550 0.000137618
4.650 6.58659e-05
4.750 0.000126266
4.850 6.05405e-05
4.950 5.81582e-05
5.050 0.000111692
5.150 0
5.250 5.17117e-05
5.350 0
5.450 0
5.550 0
5.650 0
5.750 0
5.850 0
5.950 0
6.050 7.77778e-05
6.150 0
6.250 0
6.350 0.000105946
6.450 6.83884e-05
6.550 0.000132713
6.650 0.000322042
6.750 0.000625025
6.850 0.00084967
6.950 0.00126757
7.050 0.00166164
7.150 0.00228386
7.250 0.00270891
7.350 0.00395349
7.450 0.00433552
7.550 0.00387179
7.650 0.00352789
7.750 0.00312933
7.850 0.00263407
7.950 0.00295121
8.050 0.00217526
8.150 0.00199363
8.250 0.00179912
8.350 0.00179716
8.450 0.00189441
8.550 0.00206468
8.650 0.00226452
8.750 0.00301287
8.850 0.00301778
8.950 0.00373291
9.050 0.00462449
9.150 0.00537423
9.250 0.00610745
9.350 0.00685692
9.450 0.00722282
9.550 0.00699426
9.650 0.00639137
9.750 0.0064557
9.850 0.00545944
9.950 0.00523522
10.050 0.00439844
10.150 0.00386983
10.250 0.00407934
10.350 0.00463892
10.450 0.00470703
10.550 0.00461818
10.650 0.00464495
10.750 0.00438639
10.850 0.00449948
10.950 0.00414451
11.050 0.00433804
11.150 0.00439802
11.250 0.00499516
11.350 0.00491864
11.450 0.00538699
11.550 0.00600921
11.650 0.00588547
11.750 0.00600234
11.850 0.00630715
11.950 0.00674046
12.050 0.00661924
12.150 0.00655884
12.250 0.00734419
12.350 0.00742182
12.450 0.0068345
12.550 0.00706054
12.650 0.0075366
12.750 0.00624521
12.850 0.00626903
12.950 0.00589247
13.050 0.00541782
13.150 0.0055417
13.250 0.00509339
13.350 0.00467381
13.450 0.00478565
13.550 0.00517271
13.650 0.00579269
13.750 0.00607774
13.850 0.00613884
13.950 0.00699496
14.050 0.00685972
14.150 0.00775157
14.250 0.00749596
14.350 0.00730186
14.450 0.00761031
14.550 0.00722366
14.650 0.00675377
14.750 0.00673458
14.850 0.00688298
14.950 0.00663199
15.050 0.00665736
15.150 0.00667516
15.250 0.00639193
15.350 0.00686491
15.450 0.00671678
15.550 0.00736086
15.650 0.00751698
15.750 0.00778352
15.850 0.00832601
15.950 0.00840673
16.050 0.00847918
16.150 0.00852725
16.250 0.0087624
16.350 0.00898046
16.450 0.00877165
16.550 0.00890507
16.650 0.00949702
16.750 0.00906413
16.850 0.00877642
16.950 0.00912901
17.050 0.00948763
17.150 0.00948861
17.250 0.00921141
17.350 0.00948875
17.450 0.00964683
17.550 0.00974521
17.650 0.00991394
17.750 0.00970765
17.850 0.0101712
17.950 0.0102527
18.050 0.0105108
18.150 0.0112165
18.250 0.0117994
18.350 0.0117472
18.450 0.0123773
18.550 0.0128856
18.650 0.0126046
18.750 0.0126244
18.850 0.012599
18.950 0.0126687
19.050 0.0123672
19.150 0.0121452
19.250 0.0119579
19.350 0.0125229
19.450 0.012259
19.550 0.0126591
19.650 0.0123979
19.750 0.012875
19.850 0.0134177
19.950 0.0134303
