0.050 0
0.150 0
0.250 0
0.350 0
0.450 0
0.550 0
0.650 0
0.750 0
0.850 0
0.950 0
1.050 0
1.150 0
1.250 0
1.350 0
1.450 0
1.550 0
1.650 0
1.750 0
1.850 0
1.950 0
2.050 0
2.150 0
2.250 0
2.350 0
2.450 0
2.550 0
2.650 0
2.750 0
2.850 0
2.950 0
3.050 0
3.150 0
3.250 0
3.350 0
3.450 0
3.550 0
3.650 0
3.750 0.00018961
3.850 0.00089942
3.950 0.00222178
4.050 0.00471446
4.150 0.0116122
4.250 0.0190441
4.350 0.0302977
4.450 0.0362229
4.550 0.0369667
4.650 0.0283644
4.750 0.0213917
4.850 0.0164376
4.950 0.012733
5.050 0.0116063
5.150 0.0121654
5.250 0.0146088
5.350 0.0132292
5.450 0.0124789
5.550 0.00978248
5.650 0.00927223
5.750 0.0110495
5.850 0.0114542
5.950 0.0125788
6.050 0.0171205
6.150 0.0180488
6.250 0.0187729
6.350 0.023543
6.450 0.0226905
6.550 0.0286536
6.650 0.03015
6.750 0.0296144
6.850 0.0307452
6.950 0.0278241
7.050 0.0240895
7.150 0.0226902
7.250 0.0215613
7.350 0.0196458
7.450 0.0190258
7.550 0.0165605
7.650 0.0161758
7.750 0.013408
7.850 0.0127225
7.950 0.0118137
8.050 0.0129212
8.150 0.0143323
8.250 0.0150056
8.350 0.0167519
8.450 0.0179263
8.550 0.0189321
8.650 0.0180337
8.750 0.0189821
8.850 0.0186577
8.950 0.0202738
9.050 0.0181678
9.150 0.0163713
9.250 0.0145545
9.350 0.0152515
9.450 0.0122429
9.550 0.0124557
9.650 0.011798
9.750 0.0117255
9.850 0.00920735
9.950 0.00945428
10.050 0.00926705
10.150 0.0090595
10.250 0.00916278
10.350 0.00801574
10.450 0.00786298
10.550 0.00826575
10.650 0.00797019
10.750 0.00819175
10.850 0.00946857
10.950 0.00780623
11.050 0.00862661
11.150 0.00827948
11.250 0.00937608
11.350 0.00956344
11.450 0.00915311
11.550 0.0092152
11.650 0.0102954
11.750 0.00986993
11.850 0.00970401
11.950 0.00834717
12.050 0.00947642
12.150 0.008761
12.250 0.00904507
12.350 0.00856705
12.450 0.00915255
12.550 0.00887171
12.650 0.00988184
12.750 0.00976034
12.850 0.0105296
12.950 0.00965201
13.050 0.0112897
13.150 0.0120748
13.250 0.0126223
13.350 0.0121644
13.450 0.0130162
13.550 0.0119388
13.650 0.0121796
13.750 0.0115939
13.850 0.0114828
13.950 0.0112366
14.050 0.0111312
14.150 0.0106547
14.250 0.0109129
14.350 0.010567
14.450 0.0109832
14.550 0.0107195
14.650 0.0105611
14.750 0.0107493
14.850 0.0116934
14.950 0.0112631
15.050 0.0113376
15.150 0.0118158
15.250 0.0119594
15.350 0.0121324
15.450 0.0124338
15.550 0.0131457
15.650 0.0139254
15.750 0.0143834
15.850 0.0144784
15.950 0.0158803
16.050 0.0159314
16.150 0.0159393
16.250 0.0158245
16.350 0.0157512
16.450 0.0165358
16.550 0.0161419
16.650 0.0161314
16.750 0.0164526
16.850 0.0169153
16.950 0.0171805
17.050 0.0165759
17.150 0.0172082
17.250 0.017771
17.350 0.0175933
17.450 0.0174711
17.550 0.0176795
17.650 0.017377
17.750 0.0172833
17.850 0.0176593
17.950 0.018597
18.050 0.0179004
18.150 0.0182783
18.250 0.0187432
18.350 0.0185949
18.450 0.0191929
18.550 0.0190176
18.650 0.0193738
18.750 0.0198731
18.850 0.01916
18.950 0.0199014
19.050 0.0194946
19.150 0.0191607
19.250 0.019322
19.350 0.0193934
19.450 0.0194482
19.550 0.0200452
19.650 0.020256
19.750 0.0209266
19.850 0.0205335
19.950 0.020958
