0.050 0
0.150 0
0.250 0
0.350 0
0.450 0
0.550 0
0.650 0
0.750 0
0.850 0
0.950 0
1.050 0
1.150 0
1.250 0
1.350 0
1.450 0
1.550 0
1.650 0
1.750 0
1.850 0
1.950 0
2.050 0
2.150 0
2.250 0
2.350 0
2.450 0
2.550 0
2.650 0
2.750 0
2.850 0
2.950 0
3.050 0
3.150 0
3.250 0
3.350 0
3.450 0
3.550 0
3.650 0
3.750 0
3.850 0
3.950 0
4.050 0.000454615
4.150 0.000865926
4.250 0.0026834
4.350 0.00453185
4.450 0.00922571
4.550 0.0126066
4.650 0.0179329
4.750 0.0156986
4.850 0.0122048
4.950 0.00730396
5.050 0.00394733
5.150 0.003655
5.250 0.00392294
5.350 0.00403814
5.450 0.00539764
5.550 0.00568913
5.650 0.00817578
5.750 0.00969826
5.850 0.00947852
5.950 0.0106369
6.050 0.0105939
6.150 0.0105479
6.250 0.00916306
6.350 0.0116508
6.450 0.012547
6.550 0.0150348
6.650 0.0166938
6.750 0.0183305
6.850 0.0205008
6.950 0.0208415
7.050 0.0238552
7.150 0.0233384
7.250 0.0244724
7.350 0.0236041
7.450 0.0229746
7.550 0.0236782
7.650 0.0252294
7.750 0.0222856
7.850 0.0168811
7.950 0.0212375
8.050 0.0166856
8.150 0.0161102
8.250 0.0144622
8.350 0.01246
8.450 0.0128457
8.550 0.0106089
8.650 0.00921884
8.750 0.00930152
8.850 0.00785472
8.950 0.00814565
9.050 0.00751151
9.150 0.00725912
9.250 0.00618789
9.350 0.0060563
9.450 0.00597053
9.550 0.00641842
9.650 0.00628613
9.750 0.00682455
9.850 0.00599506
9.950 0.00621409
10.050 0.00568493
10.150 0.00651442
10.250 0.00688481
10.350 0.00835347
10.450 0.00822847
10.550 0.00834128
10.650 0.0079552
10.750 0.00896939
10.850 0.00924827
10.950 0.00920455
11.050 0.0101075
11.150 0.0108866
11.250 0.0105761
11.350 0.01123
11.450 0.0103237
11.550 0.0109562
11.650 0.0113734
11.750 0.0107485
11.850 0.0106741
11.950 0.0101829
12.050 0.00980911
12.150 0.0104312
12.250 0.00911864
12.350 0.00892272
12.450 0.0093814
12.550 0.00842761
12.650 0.00787546
12.750 0.00873858
12.850 0.00943858
12.950 0.00898214
13.050 0.0100054
13.150 0.0093147
13.250 0.0086437
13.350 0.00920511
13.450 0.0086772
13.550 0.00887452
13.650 0.00966547
13.750 0.00938729
13.850 0.0095633
13.950 0.00906258
14.050 0.00997293
14.150 0.00886415
14.250 0.0094746
14.350 0.00963267
14.450 0.0109284
14.550 0.0110252
14.650 0.0108058
14.750 0.0114995
14.850 0.0110578
14.950 0.0114942
15.050 0.0118357
15.150 0.0107866
15.250 0.0109662
15.350 0.0106655
15.450 0.0111528
15.550 0.0120274
15.650 0.0116611
15.750 0.0120246
15.850 0.0121256
15.950 0.0111386
16.050 0.0117963
16.150 0.0129659
16.250 0.0134281
16.350 0.0136827
16.450 0.0145778
16.550 0.0144975
16.650 0.0149157
16.750 0.0144192
16.850 0.0149971
16.950 0.0147558
17.050 0.0144164
17.150 0.0141347
17.250 0.0135828
17.350 0.0143928
17.450 0.0134937
17.550 0.0140182
17.650 0.0136923
17.750 0.0130651
17.850 0.0131765
17.950 0.0138055
18.050 0.0142595
18.150 0.0141254
18.250 0.0149115
18.350 0.0150593
18.450 0.0149075
18.550 0.0161992
18.650 0.016176
18.750 0.0163964
18.850 0.0162753
18.950 0.0168931
19.050 0.0177744
19.150 0.0174774
19.250 0.0180007
19.350 0.0182035
19.450 0.0190123
19.550 0.0187987
19.650 0.0184727
19.750 0.0188596
19.850 0.0193609
19.950 0.0188675
