0.050 0
0.150 0
0.250 0
0.350 0
0.450 0
0.550 0
0.650 0
0.750 0
0.850 0
0.950 0
1.050 0
1.150 0
1.250 0
1.350 0
1.450 0
1.550 0
1.650 0
1.750 0
1.850 0
1.950 0
2.050 0
2.150 0
2.250 0
2.350 0
2.450 0
2.550 0
2.650 0
2.750 0
2.850 0
2.950 0.000255335
3.050 0
3.150 0.000223944
3.250 0
3.350 0
3.450 0.000186667
3.550 0.000176296
3.650 0
3.750 0.000474094
3.850 0.00194893
3.950 0.00356054
4.050 0.00718008
4.150 0.0183214
4.250 0.0239896
4.350 0.0299454
4.450 0.0328788
4.550 0.0298395
4.650 0.031653
4.750 0.020781
4.850 0.0162487
4.950 0.0124245
5.050 0.0117632
5.150 0.0118135
5.250 0.0145927
5.350 0.016459
5.450 0.0196761
5.550 0.020777
5.650 0.0194215
5.750 0.0220452
5.850 0.0201942
5.950 0.0224712
6.050 0.0216738
6.150 0.0231485
6.250 0.0233808
6.350 0.0251302
6.450 0.0263867
6.550 0.0279699
6.650 0.0294967
6.750 0.0344819
6.850 0.0322985
6.950 0.0308237
7.050 0.0310733
7.150 0.0299494
7.250 0.0233792
7.350 0.0238168
7.450 0.0208997
7.550 0.0193361
7.650 0.0170871
7.750 0.0147622
7.850 0.0142803
7.950 0.013431
8.050 0.0128937
8.150 0.0130811
8.250 0.0121129
8.350 0.0109321
8.450 0.0113907
8.550 0.0110346
8.650 0.0110482
8.750 0.0110003
8.850 0.00993033
8.950 0.0115684
9.050 0.00946913
9.150 0.0100862
9.250 0.00929788
9.350 0.00876955
9.450 0.00910757
9.550 0.0086011
9.650 0.00854308
9.750 0.00864917
9.850 0.00877221
9.950 0.00787854
10.050 0.00796459
10.150 0.00694563
10.250 0.00727608
10.350 0.00726052
10.450 0.00765137
10.550 0.00734727
10.650 0.00771934
10.750 0.00713412
10.850 0.00732415
10.950 0.00819175
11.050 0.00857195
11.150 0.00809716
11.250 0.00913027
11.350 0.00907351
11.450 0.00986503
11.550 0.0107444
11.650 0.00987301
11.750 0.0104944
11.850 0.0110777
11.950 0.0104106
12.050 0.0106823
12.150 0.00985998
12.250 0.00969966
12.350 0.00824641
12.450 0.00854463
12.550 0.00801391
12.650 0.00809604
12.750 0.00839327
12.850 0.00874769
12.950 0.00842761
13.050 0.00863824
13.150 0.00932969
13.250 0.00872106
13.350 0.00906483
13.450 0.00883219
13.550 0.00848451
13.650 0.00842018
13.750 0.00814537
13.850 0.00775017
13.950 0.0076623
14.050 0.00860054
14.150 0.00874573
14.250 0.00888615
14.350 0.00800733
14.450 0.00858863
14.550 0.00868084
14.650 0.00816933
14.750 0.00871265
14.850 0.00922052
14.950 0.00916713
15.050 0.00935968
15.150 0.00945918
15.250 0.00947894
15.350 0.0100632
15.450 0.0105478
15.550 0.0108261
15.650 0.0112688
15.750 0.0119324
15.850 0.0120742
15.950 0.0133821
16.050 0.0137766
16.150 0.0137088
16.250 0.0145335
16.350 0.0143979
16.450 0.0151185
16.550 0.0153906
16.650 0.01499
16.750 0.0149857
16.850 0.015231
16.950 0.0145259
17.050 0.0142336
17.150 0.0153828
17.250 0.0159219
17.350 0.0166985
17.450 0.015924
17.550 0.0167748
17.650 0.016735
17.750 0.0171324
17.850 0.0170038
17.950 0.0168907
18.050 0.01697
18.150 0.01733
18.250 0.0176944
18.350 0.0173238
18.450 0.0179199
18.550 0.0187411
18.650 0.0180807
18.750 0.0188808
18.850 0.0192625
18.950 0.0194063
19.050 0.0191481
19.150 0.0195666
19.250 0.019322
19.350 0.0190575
19.450 0.0193555
19.550 0.0197685
19.650 0.0193375
19.750 0.0198144
19.850 0.0200044
19.950 0.0205916
