0.050 0
0.150 0
0.250 0
0.350 0
0.450 0
0.550 0
0.650 0
0.750 0
0.850 0
0.950 0
1.050 0
1.150 0
1.250 0
1.350 0
1.450 0
1.550 0
1.650 0
1.750 0
1.850 0
1.950 0
2.050 0
2.150 0
2.250 0
2.350 0
2.450 0
2.550 0
2.650 0
2.750 0
2.850 0
2.950 0
3.050 0
3.150 0
3.250 0
3.350 0
3.450 0
3.550 0
3.650 0
3.750 0
3.850 0
3.950 0
4.050 0
4.150 0
4.250 0
4.350 0
4.450 0
4.550 0
4.650 0
4.750 0
4.850 0
4.950 0
5.050 0
5.150 0
5.250 0
5.350 0
5.450 0
5.550 0
5.650 0
5.750 0
5.850 0
5.950 0
6.050 0
6.150 0
6.250 0
6.350 0.00011015
6.450 0.000587608
6.550 0.000932352
6.650 0.0020602
6.750 0.00185335
6.850 0.00307832
6.950 0.00354246
7.050 0.00491808
7.150 0.00695488
7.250 0.00870901
7.350 0.0106127
7.450 0.0105699
7.550 0.00736801
7.650 0.00539189
7.750 0.00351486
7.850 0.00414703
7.950 0.00305898
8.050 0.00240046
8.150 0.00257606
8.250 0.00225275
8.350 0.00194416
8.450 0.00211626
8.550 0.00194543
8.650 0.00169289
8.750 0.00223496
8.850 0.00275207
8.950 0.00296845
9.050 0.00431407
9.150 0.00568002
9.250 0.00750577
9.350 0.00879506
9.450 0.0106752
9.550 0.0113787
9.650 0.0122418
9.750 0.0104259
9.850 0.00991744
9.950 0.00812547
10.050 0.00737053
10.150 0.00657888
10.250 0.00547822
10.350 0.00605742
10.450 0.00586066
10.550 0.00614935
10.650 0.00583852
10.750 0.00555726
10.850 0.00528553
10.950 0.00455918
11.050 0.00444062
11.150 0.00527305
11.250 0.00558346
11.350 0.00531299
11.450 0.00683085
11.550 0.00774597
11.650 0.00848128
11.750 0.00803171
11.850 0.0080233
11.950 0.00787406
12.050 0.00685622
12.150 0.00647293
12.250 0.00539035
12.350 0.00533247
12.450 0.00450172
12.550 0.00469834
12.650 0.00417996
12.750 0.00382751
12.850 0.00382204
12.950 0.00355129
13.050 0.00324915
13.150 0.00334122
13.250 0.0032151
13.350 0.00349131
13.450 0.00406603
13.550 0.00370362
13.650 0.00430553
13.750 0.00412559
13.850 0.00480765
13.950 0.00436214
14.050 0.00453662
14.150 0.00471698
14.250 0.00439928
14.350 0.00470507
14.450 0.00455512
14.550 0.00433524
14.650 0.0043798
14.750 0.00463724
14.850 0.00491766
14.950 0.00528945
15.050 0.00540591
15.150 0.00531538
15.250 0.00551339
15.350 0.00592288
15.450 0.00553918
15.550 0.00584497
15.650 0.00556188
15.750 0.00589458
15.850 0.00581161
15.950 0.00639403
16.050 0.00664236
16.150 0.00678194
16.250 0.00770014
16.350 0.00730705
16.450 0.00713636
16.550 0.0077562
16.650 0.00791974
16.750 0.00797608
16.850 0.00787377
16.950 0.00802863
17.050 0.00833231
17.150 0.0081221
17.250 0.00773686
17.350 0.00826813
17.450 0.00840715
17.550 0.00890324
17.650 0.00905235
17.750 0.00960647
17.850 0.0099386
17.950 0.0102351
18.050 0.0102106
18.150 0.0118322
18.250 0.0115361
18.350 0.0121629
18.450 0.0123187
18.550 0.0124188
18.650 0.0116726
18.750 0.0117128
18.850 0.0116514
18.950 0.0119248
19.050 0.0110834
19.150 0.0108711
19.250 0.0109023
19.350 0.0106713
19.450 0.0110845
19.550 0.0110529
19.650 0.0113954
19.750 0.0114796
19.850 0.0114715
19.950 0.0114293
