0.050 0 0
0.150 0 0
0.250 0 0
0.350 0 0
0.450 0 0
0.550 0 0
0.650 0 0
0.750 0 0
0.850 0 0
0.950 0 0
1.050 0 0
1.150 0 0
1.250 0 0
1.350 0 0
1.450 0 0
1.550 0 0
1.650 0 0
1.750 0 0
1.850 0 0
1.950 0 0
2.050 0 0
2.150 0.000102676 0.000145206
2.250 0.000187461 0.000265109
2.350 0.000343717 0.000486089
2.450 7.9039e-05 0.000111778
2.550 0 0
2.650 0 0
2.750 6.2736e-05 8.87221e-05
2.850 0 0
2.950 0 0
3.050 0 0
3.150 0 0
3.250 0 0
3.350 4.22757e-05 5.97868e-05
3.450 3.98933e-05 5.64177e-05
3.550 7.5302e-05 0.000106493
3.650 3.56423e-05 5.04059e-05
3.750 6.5352e-05 4.62825e-05
3.850 0.000156023 0.000118837
3.950 0.000378051 0.000314114
4.050 0.00104615 0.00041954
4.150 0.00222146 0.0010707
4.250 0.00544986 0.00256112
4.350 0.00887138 0.00384588
4.450 0.0151249 0.00551221
4.550 0.0200156 0.00610713
4.650 0.0208201 0.00250813
4.750 0.0176628 0.00138909
4.850 0.013809 0.00128889
4.950 0.0085436 0.000878759
5.050 0.00534368 0.000998191
5.150 0.0043926 0.000645921
5.250 0.0043556 0.00068395
5.350 0.00523382 0.00126692
5.450 0.00610156 0.00105017
5.550 0.00773701 0.00185053
5.650 0.00915787 0.0011257
5.750 0.0108479 0.00112791
5.850 0.0111433 0.00181949
5.950 0.0112506 0.00186908
6.050 0.0125081 0.00201845
6.150 0.0127904 0.00203583
6.250 0.0138952 0.00367573
6.350 0.0157042 0.00308009
6.450 0.0176675 0.00369857
6.550 0.0190607 0.00284688
6.650 0.022471 0.00411432
6.750 0.024985 0.00488873
6.850 0.0274055 0.00511019
6.950 0.0289019 0.00649244
7.050 0.028642 0.0047643
7.150 0.0267036 0.00280342
7.250 0.0250251 0.000429088
7.350 0.024284 0.000809175
7.450 0.0239484 0.00178242
7.550 0.0256871 0.00192299
7.650 0.0262426 0.00230748
7.750 0.0239204 0.0018633
7.850 0.0210598 0.00410256
7.950 0.0208756 0.00283681
8.050 0.018407 0.00282183
8.150 0.0168985 0.00284999
8.250 0.0148335 0.00262538
8.350 0.0135357 0.00255267
8.450 0.0130281 0.00276914
8.550 0.0115974 0.00183657
8.650 0.0109422 0.00245653
8.750 0.010782 0.00222856
8.850 0.00985457 0.00247779
8.950 0.00984692 0.00254857
9.050 0.00921561 0.00249736
9.150 0.00900306 0.00226294
9.250 0.00858112 0.00293574
9.350 0.00813782 0.00271484
9.450 0.00819463 0.00247393
9.550 0.00822777 0.0021747
9.650 0.00782028 0.00207434
9.750 0.00831625 0.00238616
9.850 0.00818226 0.0026158
9.950 0.0081351 0.00222824
10.050 0.00779587 0.00208822
10.150 0.00842886 0.00209866
10.250 0.00808522 0.00165943
10.350 0.00884708 0.00120388
10.450 0.00916985 0.00103437
10.550 0.00881584 0.000782462
10.650 0.00902311 0.000798385
10.750 0.00929031 0.000283973
10.850 0.00926728 0.000444798
10.950 0.00935838 0.000864765
11.050 0.00951884 0.000570488
11.150 0.0100712 0.000874203
11.250 0.00953322 0.001041
11.350 0.0103328 0.00115347
11.450 0.00984522 0.000734698
11.550 0.0102524 0.000568077
11.650 0.010286 0.000786601
11.750 0.00988681 0.00060931
11.850 0.0100177 0.000481407
11.950 0.00975769 0.000507955
12.050 0.00934912 0.00034692
12.150 0.00937692 0.000770061
12.250 0.00887909 0.000206025
12.350 0.00863829 0.000304968
12.450 0.00894972 0.000442724
12.550 0.00890016 0.000334359
12.650 0.00880356 0.000668506
12.750 0.00912971 0.000279515
12.850 0.00916423 0.000301798
12.950 0.00895687 0.000163402
13.050 0.009156 0.000649746
13.150 0.00884037 0.00036989
13.250 0.00846708 0.000129062
13.350 0.00887718 0.000555647
13.450 0.00849268 0.000161243
13.550 0.00829602 0.000552143
13.650 0.00857644 0.000770966
13.750 0.00855944 0.000586765
13.850 0.00872802 0.000595506
13.950 0.00857994 0.000414443
14.050 0.00908066 0.000642864
14.150 0.00875624 0.000307575
14.250 0.00900167 0.000334463
14.350 0.0090758 0.000403095
14.450 0.00977104 0.000868111
14.550 0.010051 0.00077854
14.650 0.0101847 0.00063499
14.750 0.0107235 0.000708152
14.850 0.0107487 0.000801419
14.950 0.011021 0.00087398
15.050 0.0109887 0.0010514
15.150 0.0108123 0.000628639
15.250 0.0108205 0.000670893
15.350 0.0107897 0.000478075
15.450 0.0110358 0.000401869
15.550 0.0114071 0.00060783
15.650 0.0113368 0.000530838
15.750 0.0115041 0.000413395
15.850 0.0118441 0.000338339
15.950 0.0116006 0.000490555
16.050 0.0122645 0.000622542
16.150 0.0129025 0.000356574
16.250 0.0135009 0.000362443
16.350 0.0136181 0.000352595
16.450 0.0139704 0.000498117
16.550 0.0141073 0.000307152
16.650 0.0144072 0.000377572
16.750 0.014127 0.000220804
16.850 0.0144575 0.00041855
16.950 0.0143835 0.000292757
17.050 0.0143424 0.000151707
17.150 0.0142519 0.000151255
17.250 0.0144255 0.000599277
17.350 0.0144102 0.000204045
17.450 0.0140514 0.000447726
17.550 0.0140912 0.000148734
17.650 0.0142774 0.000611476
17.750 0.0138448 0.000725273
17.850 0.0138378 0.000701931
17.950 0.0144554 0.000551641
18.050 0.0146602 0.000529274
18.150 0.0149245 0.000662948
18.250 0.0151164 0.000193797
18.350 0.0155679 0.000382405
18.450 0.0159102 0.000741513
18.550 0.0167471 0.000401897
18.650 0.0168675 0.000500675
18.750 0.0171214 0.000545295
18.850 0.0172806 0.000763653
18.950 0.0178806 0.000719847
19.050 0.0183469 0.000538839
19.150 0.0182686 0.000570361
19.250 0.0186698 0.000478024
19.350 0.0188374 0.000448568
19.450 0.0193245 0.000320683
19.550 0.0192164 0.00035748
19.650 0.019376 0.000697119
19.750 0.0193881 0.000652824
19.850 0.0196413 0.000815221
19.950 0.0202512 0.00118352
