0.050 0
0.150 0
0.250 0
0.350 0
0.450 0
0.550 0
0.650 0
0.750 0
0.850 0
0.950 0
1.050 0
1.150 0
1.250 0
1.350 0
1.450 0
1.550 0
1.650 0
1.750 0
1.850 0
1.950 0
2.050 0
2.150 0.0239365
2.250 0.158789
2.350 0.157151
2.450 0.0484176
2.550 0.0120963
2.650 0.00056953
2.750 0.00123407
2.850 0
2.950 0
3.050 0
3.150 0
3.250 0
3.350 0
3.450 0
3.550 0
3.650 0
3.750 0
3.850 0
3.950 0
4.050 0
4.150 0
4.250 0
4.350 0
4.450 6.72673e-05
4.550 0.000193253
4.650 0.000308308
4.750 0.000177277
4.850 0.000113373
4.950 5.43744e-05
5.050 0.000156817
5.150 5.03103e-05
5.250 0
5.350 4.65265e-05
5.450 0
5.550 0
5.650 4.17618e-05
5.750 4.03604e-05
5.850 0
5.950 0
6.050 7.28729e-05
6.150 0
6.250 0.000102442
6.350 3.30731e-05
6.450 9.61361e-05
6.550 0.000155415
6.650 0.000271311
6.750 0.000526787
6.850 0.000994575
6.950 0.00165618
7.050 0.00174362
7.150 0.00250374
7.250 0.00319618
7.350 0.00330717
7.450 0.00403576
7.550 0.00399974
7.650 0.00339462
7.750 0.00273049
7.850 0.00276945
7.950 0.00238378
8.050 0.002181
8.150 0.00170621
8.250 0.00207646
8.350 0.00208444
8.450 0.00212873
8.550 0.00222515
8.650 0.0021562
8.750 0.00276889
8.850 0.00251944
8.950 0.003662
9.050 0.00376052
9.150 0.00425213
9.250 0.00582801
9.350 0.00733592
9.450 0.00828635
9.550 0.00891782
9.650 0.00992234
9.750 0.00998639
9.850 0.0102518
9.950 0.0100737
10.050 0.0100326
10.150 0.00930531
10.250 0.00945456
10.350 0.0095591
10.450 0.00932815
10.550 0.009859
10.650 0.00943956
10.750 0.00851478
10.850 0.0081207
10.950 0.0079175
11.050 0.0082771
11.150 0.00781828
11.250 0.00856495
11.350 0.00826967
11.450 0.00829882
11.550 0.00752609
11.650 0.00816372
11.750 0.00761003
11.850 0.00796641
11.950 0.00784294
12.050 0.00760316
12.150 0.00759588
12.250 0.00797888
12.350 0.00778899
12.450 0.00764717
12.550 0.00759349
12.650 0.00718232
12.750 0.00696342
12.850 0.00682314
12.950 0.0064002
13.050 0.00627113
13.150 0.00585996
13.250 0.00586304
13.350 0.00528931
13.450 0.00502669
13.550 0.00494541
13.650 0.00432935
13.750 0.00485908
13.850 0.00481003
13.950 0.00491261
14.050 0.0053022
14.150 0.00550723
14.250 0.0059554
14.350 0.00598931
14.450 0.00676877
14.550 0.00693428
14.650 0.00707596
14.750 0.00655141
14.850 0.00639684
14.950 0.00652044
15.050 0.00591602
15.150 0.00564064
15.250 0.00578485
15.350 0.00555684
15.450 0.00609399
15.550 0.00606008
15.650 0.0058957
15.750 0.00635325
15.850 0.00634232
15.950 0.00683954
16.050 0.00660971
16.150 0.0068757
16.250 0.00655898
16.350 0.00729205
16.450 0.00755846
16.550 0.00775942
16.650 0.00853229
16.750 0.00935267
16.850 0.00965986
16.950 0.0100567
17.050 0.010462
17.150 0.0101998
17.250 0.0103777
17.350 0.0106215
17.450 0.009874
17.550 0.00984835
17.650 0.00942471
17.750 0.00943297
17.850 0.00911836
17.950 0.00940607
18.050 0.00910575
18.150 0.0101632
18.250 0.0096998
18.350 0.0106477
18.450 0.0114688
18.550 0.0114579
18.650 0.011688
18.750 0.0120376
18.850 0.0127132
18.950 0.0129248
19.050 0.0132156
19.150 0.0134961
19.250 0.0134642
19.350 0.0145076
19.450 0.0149087
19.550 0.015402
19.650 0.0160812
19.750 0.0159393
19.850 0.0158569
19.950 0.0163349
