0.050 0 0
0.150 0 0
0.250 0 0
0.350 0 0
0.450 0 0
0.550 0 0
0.650 0 0
0.750 0 0
0.850 0 0
0.950 0 0
1.050 0 0
1.150 0 0
1.250 0 0
1.350 0 0
1.450 0 0
1.550 0 0
1.650 0 0
1.750 0 0
1.850 0 0
1.950 0 0
2.050 0 0
2.150 0.00438998 0.00541315
2.250 0.0406993 0.0400934
2.350 0.0375243 0.0376007
2.450 0.012783 0.0105811
2.550 0.00198191 0.00224802
2.650 0.000126547 0.000178964
2.750 0 0
2.850 0 0
2.950 0 0
3.050 0 0
3.150 0 0
3.250 8.41307e-05 0.000118979
3.350 0 0
3.450 0 0
3.550 0 0
3.650 6.67067e-05 9.43375e-05
3.750 0.000252813 0.000357532
3.850 0.000419767 0.00059364
3.950 5.69903e-05 8.05965e-05
4.050 0.00021675 0.000306531
4.150 0.000197831 0.000195735
4.250 0.000246039 0.000347952
4.350 0.000140934 0.000199311
4.450 4.48917e-05 6.34864e-05
4.550 0.000457978 0.000503554
4.650 0.0005344 0.000755756
4.750 0.000663143 0.000869094
4.850 0.000699064 0.000796702
4.950 0.000937117 0.00126171
5.050 0.00074933 0.000881385
5.150 0.000681408 0.000739486
5.250 0.000548227 0.00077531
5.350 0.000217404 0.000307456
5.450 0.000144625 0.000154661
5.550 0.000115429 0.000163241
5.650 0.000139206 0.000196867
5.750 8.0674e-05 0.00011409
5.850 5.19453e-05 7.34618e-05
5.950 2.09276e-05 2.95961e-05
6.050 9.7117e-05 0.000137344
6.150 2.34968e-05 3.32295e-05
6.250 2.27494e-05 3.21726e-05
6.350 0.000191011 0.000197432
6.450 0.000366794 0.000261155
6.550 0.000497264 0.000383162
6.650 0.00114569 0.000830442
6.750 0.00177857 0.00130328
6.850 0.00276576 0.00187299
6.950 0.00258857 0.00134246
7.050 0.00373473 0.00135804
7.150 0.00411494 0.0020687
7.250 0.0048759 0.0028148
7.350 0.00620854 0.00345573
7.450 0.00644074 0.0037036
7.550 0.00584758 0.00319434
7.650 0.00499955 0.00263444
7.750 0.00410186 0.00242823
7.850 0.00425045 0.00199472
7.950 0.00358399 0.00200409
8.050 0.0031823 0.00176322
8.150 0.00278127 0.00131379
8.250 0.0028753 0.00121303
8.350 0.00262838 0.00135897
8.450 0.00252916 0.00138057
8.550 0.00256158 0.0012592
8.650 0.00284919 0.00147449
8.750 0.00296826 0.00129555
8.850 0.00322878 0.00102531
8.950 0.00395233 0.00121178
9.050 0.00509545 0.00135404
9.150 0.00567656 0.000394428
9.250 0.00696217 0.00039555
9.350 0.00834764 0.000397559
9.450 0.00924525 0.00172523
9.550 0.010188 0.0012538
9.650 0.0108403 0.00162199
9.750 0.00990376 0.0012305
9.850 0.00886541 0.000842073
9.950 0.00761517 0.000500168
10.050 0.00730453 0.0002118
10.150 0.00647821 0.000672984
10.250 0.00611418 0.0010838
10.350 0.00666455 0.00146832
10.450 0.00703816 0.00199026
10.550 0.00699323 0.00166574
10.650 0.00691218 0.00180256
10.750 0.00734311 0.00220722
10.850 0.00649863 0.00171558
10.950 0.0061494 0.00190602
11.050 0.00581292 0.00185128
11.150 0.00565194 0.00118081
11.250 0.00622727 0.00135472
11.350 0.00653665 0.0014476
11.450 0.00732699 0.00131938
11.550 0.00847446 0.00101848
11.650 0.00868542 0.000969338
11.750 0.0093344 0.0011823
11.850 0.00899817 0.00121468
11.950 0.00862618 0.00109683
12.050 0.00830302 0.0013773
12.150 0.00771733 0.00108753
12.250 0.0067853 0.00133415
12.350 0.00659714 0.001176
12.450 0.00553297 0.00103629
12.550 0.00528431 0.000675369
12.650 0.00458356 0.000541618
12.750 0.00437527 0.000745804
12.850 0.00448056 0.000874831
12.950 0.00396382 0.000592837
13.050 0.00386759 0.000536054
13.150 0.0036642 0.000429794
13.250 0.00362856 0.000364094
13.350 0.00348631 7.54332e-05
13.450 0.0038277 0.000190702
13.550 0.00387632 0.000227308
13.650 0.00408691 0.000209365
13.750 0.00441003 0.000353583
13.850 0.00459683 0.000155557
13.950 0.00469712 0.000261948
14.050 0.00485338 0.000272053
14.150 0.00501585 0.000221716
14.250 0.00521494 0.000576764
14.350 0.00524176 0.000698841
14.450 0.00487366 0.000343842
14.550 0.00492373 0.000528968
14.650 0.00484983 0.000332834
14.750 0.00492116 0.000352202
14.850 0.00496194 0.000188555
14.950 0.00522583 0.000234915
15.050 0.00497288 0.000447832
15.150 0.00497652 0.000262317
15.250 0.00517453 0.00026269
15.350 0.00553675 0.000323787
15.450 0.00564158 0.000158174
15.550 0.00605144 0.000176836
15.650 0.00589995 0.000240972
15.750 0.00587785 0.000140894
15.850 0.00585636 0.000115637
15.950 0.0063661 5.50431e-05
16.050 0.00643939 0.00040454
16.150 0.00655076 0.000225341
16.250 0.0070533 0.000543423
16.350 0.00696062 0.000316392
16.450 0.00731644 0.000161876
16.550 0.00759606 0.000390375
16.650 0.00779689 9.283e-05
16.750 0.00814396 0.000120504
16.850 0.0080319 0.000119742
16.950 0.00817564 0.000176025
17.050 0.00816718 0.000218544
17.150 0.00822179 0.000263729
17.250 0.00804956 0.000323858
17.350 0.00802303 0.000402158
17.450 0.00805684 0.000434945
17.550 0.00819521 0.000767724
17.650 0.00844265 0.00105227
17.750 0.00872204 0.00118557
17.850 0.00889427 0.0011746
17.950 0.00927133 0.00114958
18.050 0.00956221 0.00107399
18.150 0.0104812 0.00116044
18.250 0.0105788 0.00109418
18.350 0.0113697 0.00107275
18.450 0.011511 0.00109562
18.550 0.0117251 0.000907965
18.650 0.0116735 0.000621844
18.750 0.0119543 0.00053038
18.850 0.0121842 0.000688301
18.950 0.0121191 0.000568121
19.050 0.0120763 0.000967657
19.150 0.0121052 0.00112813
19.250 0.0118886 0.0010625
19.350 0.0119184 0.00137311
19.450 0.012205 0.00125935
19.550 0.0125793 0.00172258
19.650 0.0126711 0.00152434
19.750 0.0129236 0.00175631
19.850 0.0129754 0.00132048
19.950 0.0133675 0.00181402
