0.050 0
0.150 0
0.250 0
0.350 0
0.450 0
0.550 0
0.650 0
0.750 0
0.850 0
0.950 0
1.050 0
1.150 0
1.250 0
1.350 0
1.450 0
1.550 0
1.650 0
1.750 0
1.850 0
1.950 0
2.050 0
2.150 0.00115363
2.250 0.0268598
2.350 0.0236572
2.450 0.0124376
2.550 0.0008201
2.650 0.00037964
2.750 0
2.850 0
2.950 0
3.050 0
3.150 0
3.250 0.000252392
3.350 0
3.450 0
3.550 0
3.650 0.00020012
3.750 0.000758439
3.850 0.0012593
3.950 0.000170971
4.050 0.00065025
4.150 0.000464424
4.250 0.000738118
4.350 0.000422803
4.450 0.000134675
4.550 0.00115924
4.650 0.0016032
4.750 0.00189091
4.850 0.00181383
4.950 0.00272068
5.050 0.00198663
5.150 0.00170915
5.250 0.00164468
5.350 0.000652212
5.450 0.000359039
5.550 0.000346286
5.650 0.000417618
5.750 0.000242022
5.850 0.000155836
5.950 0
6.050 0.000291351
6.150 7.04905e-05
6.250 6.82483e-05
6.350 0.000462883
6.450 0.000512773
6.550 0.00055944
6.650 0.00132657
6.750 0.00333604
6.850 0.00488739
6.950 0.00353321
7.050 0.00445309
7.150 0.00208641
7.250 0.00202923
7.350 0.00217189
7.450 0.00158555
7.550 0.00140336
7.650 0.0015948
7.750 0.00146517
7.850 0.00186078
7.950 0.00143447
8.050 0.00152262
8.150 0.00128466
8.250 0.0018022
8.350 0.00141514
8.450 0.001083
8.550 0.0014227
8.650 0.00192454
8.750 0.00188082
8.850 0.0022812
8.950 0.00322911
9.050 0.00397213
9.150 0.00519177
9.250 0.00657608
9.350 0.00841878
9.450 0.0102423
9.550 0.0107305
9.650 0.0117121
9.750 0.0110803
9.850 0.00882266
9.950 0.00778423
10.050 0.00752455
10.150 0.00724749
10.250 0.00763988
10.350 0.00868785
10.450 0.00984092
10.550 0.00931988
10.650 0.00945133
10.750 0.0104532
10.850 0.00892483
10.950 0.00882939
11.050 0.00842999
11.150 0.00724987
11.250 0.00811187
11.350 0.00856985
11.450 0.00913279
11.550 0.00991478
11.650 0.00996144
11.750 0.0108935
11.850 0.0107105
11.950 0.0101771
12.050 0.0101558
12.150 0.00912228
12.250 0.00858302
12.350 0.00816485
12.450 0.00695039
12.550 0.00623049
12.650 0.00534915
12.750 0.00542973
12.850 0.00571688
12.950 0.00480218
13.050 0.00455652
13.150 0.00427161
13.250 0.00410106
13.350 0.0035761
13.450 0.00381784
13.550 0.00419748
13.650 0.00415053
13.750 0.00490841
13.850 0.00454587
13.950 0.00472763
14.050 0.00482264
14.150 0.00524741
14.250 0.0056206
14.350 0.00622881
14.450 0.00535111
14.550 0.00561794
14.650 0.00510657
14.750 0.00541754
14.850 0.00521181
14.950 0.0054764
15.050 0.0051566
15.150 0.00493784
15.250 0.00513698
15.350 0.00555684
15.450 0.00586501
15.550 0.00603247
15.650 0.00603177
15.750 0.00604144
15.850 0.00574252
15.950 0.00641506
16.050 0.00680114
16.150 0.00662513
16.250 0.00708927
16.350 0.00703265
16.450 0.00752889
16.550 0.00797355
16.650 0.00769538
16.750 0.00820254
16.850 0.00805848
16.950 0.00807516
17.050 0.00831087
17.150 0.00796038
17.250 0.00849572
17.350 0.00834493
17.450 0.00831956
17.550 0.00855402
17.650 0.00931343
17.750 0.00951341
17.850 0.00949085
17.950 0.00992332
18.050 0.0104275
18.150 0.0106125
18.250 0.0111531
18.350 0.012093
18.450 0.0122522
18.550 0.0123141
18.650 0.0124355
18.750 0.01269
18.850 0.0131561
18.950 0.0128914
19.050 0.0133883
19.150 0.0135979
19.250 0.0133635
19.350 0.013831
19.450 0.0139641
19.550 0.0149867
19.650 0.0148139
19.750 0.0153958
19.850 0.0146861
19.950 0.0157921
