0.050 0
0.150 0
0.250 0
0.350 0
0.450 0
0.550 0
0.650 0
0.750 0
0.850 0
0.950 0
1.050 0
1.150 0
1.250 0
1.350 0
1.450 0
1.550 0
1.650 0
1.750 0
1.850 0
1.950 0
2.050 0
2.150 0
2.250 0
2.350 0
2.450 0
2.550 0
2.650 0
2.750 0
2.850 0
2.950 0
3.050 0
3.150 0
3.250 0
3.350 0
3.450 0
3.550 0
3.650 0
3.750 9.48749e-05
3.850 0.00017994
3.950 0.000769089
4.050 0.00138178
4.150 0.0034836
4.250 0.0088577
4.350 0.0138806
4.450 0.0224877
4.550 0.027564
4.650 0.0240481
4.750 0.0186734
4.850 0.0153606
4.950 0.00908725
5.050 0.00622138
5.150 0.00522807
5.250 0.00532112
5.350 0.00698725
5.450 0.00758607
5.550 0.0101721
5.650 0.010734
5.750 0.0123803
5.850 0.0136749
5.950 0.013784
6.050 0.0152991
6.150 0.0154754
6.250 0.0181245
6.350 0.0191122
6.450 0.0211522
6.550 0.0210395
6.650 0.0259591
6.750 0.0299363
6.850 0.0327058
6.950 0.03674
7.050 0.0351418
7.150 0.0302015
7.250 0.0255184
7.350 0.0254211
7.450 0.0264488
7.550 0.028279
7.650 0.0294356
7.750 0.0265276
7.850 0.0266349
7.950 0.0241548
8.050 0.0223857
8.150 0.0207157
8.250 0.0182184
8.350 0.0170579
8.450 0.0165071
8.550 0.0141717
8.650 0.0144162
8.750 0.0139318
8.850 0.0133464
8.950 0.0134493
9.050 0.0127467
9.150 0.0121989
9.250 0.0127158
9.350 0.0119725
9.450 0.0116456
9.550 0.0112862
9.650 0.0107528
9.750 0.0116835
9.850 0.0118596
9.950 0.0112589
10.050 0.0106399
10.150 0.0113502
10.250 0.0104318
10.350 0.010505
10.450 0.0106102
10.550 0.00991884
10.650 0.00987456
10.750 0.00924168
10.850 0.00873227
10.950 0.00838459
11.050 0.00874671
11.150 0.00885868
11.250 0.00811187
11.350 0.00870439
11.450 0.00880725
11.550 0.00956499
11.650 0.00953906
11.750 0.00945456
11.850 0.00953303
11.950 0.0100465
12.050 0.00897135
12.150 0.00908613
12.250 0.00890296
12.350 0.00877684
12.450 0.00912663
12.550 0.00915115
12.650 0.00942358
12.750 0.00937482
12.850 0.00931021
12.950 0.00914316
13.050 0.00903484
13.150 0.00841219
13.250 0.0083389
13.350 0.00809478
13.450 0.00828439
13.550 0.00755257
13.650 0.00798617
13.750 0.00819484
13.850 0.0084035
13.950 0.00805063
14.050 0.00848352
14.150 0.00833736
14.250 0.00877235
14.350 0.00890296
14.450 0.00883766
14.550 0.00911962
14.650 0.00931245
14.750 0.00978725
14.850 0.00964977
14.950 0.00979552
15.050 0.00950683
15.150 0.0100556
15.250 0.00993566
15.350 0.0102763
15.450 0.0104957
15.550 0.0105816
15.650 0.0105883
15.750 0.0110133
15.850 0.0113683
15.950 0.0113834
16.050 0.0118529
16.150 0.0124376
16.250 0.0130979
16.350 0.0131576
16.450 0.0133577
16.550 0.0137469
16.650 0.0142942
16.750 0.0140764
16.850 0.0143983
16.950 0.0143541
17.050 0.0144798
17.150 0.0144655
17.250 0.0147688
17.350 0.0141694
17.450 0.0145899
17.550 0.0142985
17.650 0.0151214
17.750 0.0148118
17.850 0.0148096
17.950 0.0151541
18.050 0.0154081
18.150 0.0157487
18.250 0.0153765
18.350 0.0159814
18.450 0.0161455
18.550 0.0168903
18.650 0.0170814
18.750 0.0172563
18.850 0.0174414
18.950 0.0181601
19.050 0.0181976
19.150 0.0185281
19.250 0.0190881
19.350 0.0191762
19.450 0.0197655
19.550 0.0196719
19.650 0.0201697
19.750 0.0203079
19.850 0.02075
19.950 0.0217586
