0.050 0
0.150 0
0.250 0
0.350 0
0.450 0
0.550 0
0.650 0
0.750 0
0.850 0
0.950 0
1.050 0
1.150 0
1.250 0
1.350 0
1.450 0
1.550 0
1.650 0
1.750 0
1.850 0
1.950 0
2.050 0
2.150 0
2.250 0
2.350 0
2.450 0
2.550 0
2.650 0
2.750 0
2.850 0
2.950 0
3.050 0
3.150 0
3.250 0
3.350 0
3.450 0
3.550 0
3.650 0
3.750 0
3.850 0
3.950 0
4.050 0
4.150 0
4.250 0
4.350 0
4.450 0
4.550 0
4.650 0
4.750 0
4.850 0
4.950 0
5.050 0
5.150 0
5.250 0
5.350 0
5.450 0
5.550 0
5.650 0
5.750 0
5.850 0
5.950 0
6.050 0
6.150 0
6.250 0
6.350 0
6.450 0
6.550 8.68869e-05
6.650 0.000252953
6.750 0.000491051
6.850 0.000953514
6.950 0.000849109
7.050 0.00112519
7.150 0.00160446
7.250 0.00248272
7.350 0.00303684
7.450 0.00389632
7.550 0.00353209
7.650 0.00356783
7.750 0.00316591
7.850 0.00223874
7.950 0.00230068
8.050 0.00166851
8.150 0.00134717
8.250 0.00104082
8.350 0.000909089
8.450 0.000835516
8.550 0.00147918
8.650 0.00104643
8.750 0.00150973
8.850 0.00104727
8.950 0.0015826
9.050 0.00268593
9.150 0.00347365
9.250 0.00470633
9.350 0.00784757
9.450 0.00663858
9.550 0.00654104
9.650 0.00796781
9.750 0.00784435
9.850 0.00637932
9.950 0.00726851
10.050 0.00583263
10.150 0.00553722
10.250 0.00528777
10.350 0.00518617
10.450 0.00532631
10.550 0.00428787
10.650 0.00424064
10.750 0.00396849
10.850 0.00430749
10.950 0.00363832
11.050 0.003817
11.150 0.00443866
11.250 0.00436004
11.350 0.0046598
11.450 0.00523297
11.550 0.00469554
11.650 0.00516473
11.750 0.00559033
11.850 0.00552292
11.950 0.00561359
12.050 0.00626553
12.150 0.00598595
12.250 0.00675826
12.350 0.00733381
12.450 0.00683155
12.550 0.00643902
12.650 0.0063143
12.750 0.00591756
12.850 0.0056
12.950 0.00493574
13.050 0.00483848
13.150 0.00422621
13.250 0.00511834
13.350 0.00523017
13.450 0.00525582
13.550 0.00568619
13.650 0.0057833
13.750 0.00583754
13.850 0.00670599
13.950 0.00661013
14.050 0.00661083
14.150 0.00778394
14.250 0.00672028
14.350 0.00717013
14.450 0.00666058
14.550 0.00663984
14.650 0.00625417
14.750 0.00618677
14.850 0.00650951
14.950 0.00632256
15.050 0.00607424
15.150 0.00562074
15.250 0.00588392
15.350 0.00615566
15.450 0.00591994
15.550 0.00595203
15.650 0.00636334
15.750 0.00602729
15.850 0.00681235
15.950 0.00726949
16.050 0.0068607
16.150 0.0074193
16.250 0.00711646
16.350 0.00841051
16.450 0.00800537
16.550 0.00807235
16.650 0.00875568
16.750 0.00839902
16.850 0.00810262
16.950 0.00869514
17.050 0.00820857
17.150 0.00855682
17.250 0.00869598
17.350 0.00899237
17.450 0.00859578
17.550 0.00857069
17.650 0.00926383
17.750 0.00857994
17.850 0.00933824
17.950 0.00963954
18.050 0.00985339
18.150 0.0101753
18.250 0.0105903
18.350 0.0118371
18.450 0.0120596
18.550 0.0126668
18.650 0.0125849
18.750 0.0132783
18.850 0.0137044
18.950 0.013882
19.050 0.0132333
19.150 0.0135123
19.250 0.0136037
19.350 0.013802
19.450 0.0135028
19.550 0.0130528
19.650 0.0140694
19.750 0.0131721
19.850 0.0138819
19.950 0.0137618
