0.050 0
0.150 0
0.250 0
0.350 0
0.450 0
0.550 0
0.650 0
0.750 0
0.850 0
0.950 0
1.050 0
1.150 0
1.250 0
1.350 0
1.450 0
1.550 0
1.650 0
1.750 0
1.850 0
1.950 0
2.050 0
2.150 0.000308028
2.250 0.000562382
2.350 0.00103115
2.450 0.000237117
2.550 0
2.650 0
2.750 0.000188208
2.850 0
2.950 0
3.050 0
3.150 0
3.250 0
3.350 0.000126827
3.450 0.00011968
3.550 0.000225906
3.650 0.000106927
3.750 0.000101181
3.850 0.000288128
3.950 0.000365065
4.050 0.00130204
4.150 0.00231484
4.250 0.00480849
4.350 0.0082017
4.450 0.0136613
4.550 0.0198762
4.650 0.0204792
4.750 0.0186164
4.850 0.0138617
4.950 0.00923958
5.050 0.00586234
5.150 0.00429474
5.250 0.00382274
5.350 0.00467606
5.450 0.00532098
5.550 0.00734979
5.650 0.00856382
5.750 0.010465
5.850 0.0102766
5.950 0.00933081
6.050 0.0116314
6.150 0.0123479
6.250 0.0143981
6.350 0.0163495
6.450 0.0193032
6.550 0.0211078
6.650 0.0247601
6.750 0.0266883
6.850 0.0290099
6.950 0.0291243
7.050 0.0269289
7.150 0.0265709
7.250 0.0250845
7.350 0.0238268
7.450 0.0224217
7.550 0.025104
7.650 0.0240628
7.750 0.022948
7.850 0.0196635
7.950 0.0172344
8.050 0.0161498
8.150 0.0138695
8.250 0.0118198
8.350 0.0110892
8.450 0.00973147
8.550 0.0100116
8.650 0.00919151
8.750 0.00911275
8.850 0.00836258
8.950 0.00794581
9.050 0.00738861
9.150 0.00755117
9.250 0.00683968
9.350 0.00638465
9.450 0.00696777
9.550 0.0069787
9.650 0.00642192
9.750 0.0064407
9.850 0.00669211
9.950 0.00693231
10.050 0.00706278
10.150 0.00742196
10.250 0.00693904
10.350 0.00768276
10.450 0.00867089
10.550 0.00818741
10.650 0.00923958
10.750 0.00965986
10.850 0.0098213
10.950 0.010486
11.050 0.00970232
11.150 0.0104682
11.250 0.00991169
11.350 0.0110641
11.450 0.0104047
11.550 0.010236
11.650 0.00994561
11.750 0.00945736
11.850 0.00984597
11.950 0.00904366
12.050 0.00926691
12.150 0.00861343
12.250 0.00861568
12.350 0.0082153
12.450 0.00834114
12.550 0.00912172
12.650 0.00911163
12.750 0.00927574
12.850 0.00874391
12.950 0.00874531
13.050 0.00842775
13.150 0.00879422
13.250 0.00841864
13.350 0.00933165
13.450 0.00851646
13.550 0.00846096
13.650 0.00807768
13.750 0.00809618
13.850 0.00821726
13.950 0.00862661
14.050 0.00878553
14.150 0.00906721
14.250 0.00875806
14.350 0.00869177
14.450 0.00954705
14.550 0.0100081
14.650 0.0104358
14.750 0.0108838
14.850 0.0115384
14.950 0.0117732
15.050 0.0116235
15.150 0.0115948
15.250 0.0115595
15.350 0.0114274
15.450 0.011459
15.550 0.0116124
15.650 0.011761
15.750 0.0114744
15.850 0.0120385
15.950 0.0122798
16.050 0.0131443
16.150 0.0133041
16.250 0.0139767
16.350 0.014014
16.450 0.0139756
16.550 0.0140776
16.650 0.0140118
16.750 0.0138855
16.850 0.013977
16.950 0.0140405
17.050 0.014131
17.150 0.0141556
17.250 0.0149249
17.350 0.0146683
17.450 0.0140705
17.550 0.0139568
17.650 0.0140185
17.750 0.0136576
17.850 0.0135273
17.950 0.0144067
18.050 0.0143131
18.150 0.0148993
18.250 0.0150613
18.350 0.015663
18.450 0.0166775
18.550 0.0171519
18.650 0.0173451
18.750 0.0177115
18.850 0.018125
18.950 0.0185886
19.050 0.0190687
19.150 0.0188002
19.250 0.0189205
19.350 0.0191324
19.450 0.0191958
19.550 0.0191787
19.650 0.0194856
19.750 0.0189967
19.850 0.0188131
19.950 0.0201275
