0.050 0
0.150 0
0.250 0
0.350 0
0.450 0
0.550 0
0.650 0
0.750 0
0.850 0
0.950 0
1.050 0
1.150 0
1.250 0
1.350 0
1.450 0
1.550 0
1.650 0
1.750 0
1.850 0
1.950 0
2.050 0
2.150 0.0120163
2.250 0.0952381
2.350 0.0889157
2.450 0.0259115
2.550 0.00512563
2.650 0
2.750 0
2.850 0
2.950 0
3.050 0
3.150 0
3.250 0
3.350 0
3.450 0
3.550 0
3.650 0
3.750 0
3.850 0
3.950 0
4.050 0
4.150 0.000129069
4.250 0
4.350 0
4.450 0
4.550 0.000214695
4.650 0
4.750 9.85185e-05
4.850 0.000283363
4.950 9.06707e-05
5.050 0.000261361
5.150 0.000335075
5.250 0
5.350 0
5.450 7.48348e-05
5.550 0
5.650 0
5.750 0
5.850 0
5.950 6.27828e-05
6.050 0
6.150 0
6.250 0
6.350 0
6.450 0
6.550 0
6.650 5.03103e-05
6.750 0.000146306
6.850 0.000331572
6.950 0.00069005
7.050 0.00183303
7.150 0.00330352
7.250 0.00388945
7.350 0.00584104
7.450 0.00716677
7.550 0.00877137
7.650 0.00801195
7.750 0.00732555
7.850 0.00674354
7.950 0.00625852
8.050 0.00562382
8.150 0.00448308
8.250 0.00457095
8.350 0.00452583
8.450 0.00438821
8.550 0.0043166
8.650 0.00493013
8.750 0.00478901
8.850 0.00465307
8.950 0.00565942
9.050 0.00700014
9.150 0.0061579
9.250 0.00680465
9.350 0.00782907
9.450 0.00681824
9.550 0.0084548
9.650 0.00856691
9.750 0.00820507
9.850 0.00785612
9.950 0.00693582
10.050 0.0070185
10.150 0.00560827
10.250 0.00522443
10.350 0.00524839
10.450 0.00541291
10.550 0.00551045
10.650 0.00544669
10.750 0.00601888
10.850 0.00528553
10.950 0.00505962
11.050 0.00456815
11.150 0.00443291
11.250 0.00498647
11.350 0.00572711
11.450 0.00601734
11.550 0.00776264
11.650 0.00761353
11.750 0.009078
11.850 0.0082607
11.950 0.00782739
12.050 0.00789704
12.150 0.00755678
12.250 0.00638254
12.350 0.00629411
12.450 0.00514679
12.550 0.0049241
12.650 0.00422158
12.750 0.00386857
12.850 0.00390276
12.950 0.00353798
13.050 0.0037971
13.150 0.00337976
13.250 0.00356951
13.350 0.00339153
13.450 0.00359922
13.550 0.00372787
13.650 0.00380467
13.750 0.00419608
13.850 0.00443698
13.950 0.0050016
14.050 0.00520088
14.150 0.00508316
14.250 0.00562495
14.350 0.00479139
14.450 0.00471474
14.550 0.00481802
14.650 0.00506312
14.750 0.00470871
14.850 0.00475636
14.950 0.00491163
15.050 0.00435612
15.150 0.00467634
15.250 0.00487323
15.350 0.00513053
15.450 0.00552054
15.550 0.00627688
15.650 0.00610619
15.750 0.00569754
15.850 0.00601496
15.950 0.00628921
16.050 0.00587468
16.150 0.00624521
16.250 0.00637049
16.350 0.00654216
16.450 0.00728407
16.550 0.00705844
16.650 0.00777554
16.750 0.00825327
16.850 0.00816344
16.950 0.00842312
17.050 0.00785836
17.150 0.00858288
17.250 0.0079161
17.350 0.00745602
17.450 0.00744382
17.550 0.00712837
17.650 0.00696216
17.750 0.00704625
17.850 0.00725337
17.950 0.00765558
18.050 0.00804853
18.150 0.00899882
18.250 0.00904731
18.350 0.00985311
18.450 0.009962
18.550 0.0104425
18.650 0.0109123
18.750 0.01146
18.850 0.0117451
18.950 0.0115411
19.050 0.0117571
19.150 0.0118466
19.250 0.0114001
19.350 0.0112528
19.450 0.0115663
19.550 0.0116982
19.650 0.011804
19.750 0.0118955
19.850 0.0127686
19.950 0.012881
