0.050 0
0.150 0
0.250 0
0.350 0
0.450 0
0.550 0
0.650 0
0.750 0
0.850 0
0.950 0
1.050 0
1.150 0
1.250 0
1.350 0
1.450 0
1.550 0
1.650 0
1.750 0
1.850 0
1.950 0
2.050 0
2.150 0
2.250 0
2.350 0
2.450 0
2.550 0
2.650 0
2.750 0
2.850 0
2.950 0
3.050 0
3.150 0
3.250 0
3.350 0
3.450 0
3.550 0.000176296
3.650 0.000166767
3.750 0.00110613
3.850 0.00179898
3.950 0.00413021
4.050 0.00812841
4.150 0.0149668
4.250 0.0250969
4.350 0.0305326
4.450 0.0362453
4.550 0.0384264
4.650 0.0306254
4.750 0.0260009
4.850 0.014926
4.950 0.0112457
5.050 0.00975908
5.150 0.00955139
5.250 0.012174
5.350 0.0131983
5.450 0.0123442
5.550 0.0130577
5.650 0.0161498
5.750 0.0164667
5.850 0.0191552
5.950 0.0185167
6.050 0.019731
6.150 0.0197997
6.250 0.0232102
6.350 0.0222645
6.450 0.0243037
6.550 0.0245513
6.650 0.0272355
6.750 0.0264345
6.850 0.0255736
6.950 0.0257171
7.050 0.024948
7.150 0.0226902
7.250 0.0223645
7.350 0.0231998
7.450 0.0176966
7.550 0.0164513
7.650 0.0145051
7.750 0.0120983
7.850 0.0123691
7.950 0.0102315
8.050 0.012105
8.150 0.0127466
8.250 0.0120476
8.350 0.0121113
8.450 0.0117953
8.550 0.0128281
8.650 0.0123847
8.750 0.0122194
8.850 0.0118881
8.950 0.0121787
9.050 0.0132406
9.150 0.0126873
9.250 0.0141805
9.350 0.0124299
9.450 0.0130641
9.550 0.012061
9.650 0.0102374
9.750 0.00963099
9.850 0.00884088
9.950 0.00873143
10.050 0.00871251
10.150 0.00815349
10.250 0.00767786
10.350 0.0083808
10.450 0.00771247
10.550 0.00782641
10.650 0.00836595
10.750 0.0085379
10.850 0.00843784
10.950 0.00922963
11.050 0.00857195
11.150 0.00891936
11.250 0.00898985
11.350 0.00931512
11.450 0.0104243
11.550 0.00962833
11.650 0.0101187
11.750 0.0111543
11.850 0.0109193
11.950 0.0107685
12.050 0.0105446
12.150 0.0105073
12.250 0.0103216
12.350 0.00992192
12.450 0.00996397
12.550 0.0100738
12.650 0.00920693
12.750 0.00986965
12.850 0.00936669
12.950 0.00914316
13.050 0.0085208
13.150 0.00846881
13.250 0.00845536
13.350 0.00874054
13.450 0.00850048
13.550 0.00824234
13.650 0.00822945
13.750 0.00772228
13.850 0.00801658
13.950 0.00761662
14.050 0.00801518
14.150 0.00809099
14.250 0.00838276
14.350 0.00864399
14.450 0.00848226
14.550 0.00853398
14.650 0.00910126
14.750 0.00932549
14.850 0.00908949
14.950 0.00995261
15.050 0.0104879
15.150 0.0102241
15.250 0.0110842
15.350 0.0108365
15.450 0.0118884
15.550 0.0113131
15.650 0.0116499
15.750 0.0123266
15.850 0.0125165
15.950 0.0140109
16.050 0.0140785
16.150 0.0144669
16.250 0.0144747
16.350 0.0140737
16.450 0.0150693
16.550 0.0150743
16.650 0.0147254
16.750 0.0143917
16.850 0.0144328
16.950 0.0148043
17.050 0.0145166
17.150 0.0155415
17.250 0.0151901
17.350 0.0155322
17.450 0.0159313
17.550 0.0152956
17.650 0.0154938
17.750 0.0149176
17.850 0.0151485
17.950 0.0150422
18.050 0.0148556
18.150 0.0153938
18.250 0.0154057
18.350 0.0160765
18.450 0.016216
18.550 0.015777
18.650 0.016739
18.750 0.0162701
18.850 0.0172363
18.950 0.0171724
19.050 0.0174825
19.150 0.017064
19.250 0.017331
19.350 0.0172532
19.450 0.017229
19.550 0.0177741
19.650 0.0176801
19.750 0.0183389
19.850 0.018758
19.950 0.0195476
