0.050 0
0.150 0
0.250 0
0.350 0
0.450 0
0.550 0
0.650 0
0.750 0
0.850 0
0.950 0
1.050 0
1.150 0
1.250 0
1.350 0
1.450 0
1.550 0
1.650 0
1.750 0
1.850 0
1.950 0
2.050 0.000489089
2.150 0.0726983
2.250 0.292116
2.350 0.201167
2.450 0.0539324
2.550 0.00964108
2.650 0.0023416
2.750 0.000135936
2.850 0.000126547
2.950 0
3.050 0
3.150 0
3.250 0
3.350 0
3.450 8.63263e-05
3.550 8.15616e-05
3.650 0.000308589
3.750 0.00138865
3.850 0.00478453
3.950 0.00777315
4.050 0.0138481
4.150 0.0199921
4.250 0.0260045
4.350 0.0310692
4.450 0.0345155
4.550 0.0372351
4.650 0.0339397
4.750 0.0338923
4.850 0.0331646
4.950 0.0263431
5.050 0.0255923
5.150 0.0234068
5.250 0.021554
5.350 0.0178113
5.450 0.017648
5.550 0.0176853
5.650 0.0181916
5.750 0.0175334
5.850 0.0194318
5.950 0.0202648
6.050 0.0190669
6.150 0.019865
6.250 0.0202081
6.350 0.0196785
6.450 0.0189496
6.550 0.0182317
6.650 0.0182453
6.750 0.0192426
6.850 0.0202402
6.950 0.02279
7.050 0.0250639
7.150 0.02861
7.250 0.0252646
7.350 0.0219562
7.450 0.0190558
7.550 0.0181217
7.650 0.0162986
7.750 0.0147
7.850 0.0150117
7.950 0.0135793
8.050 0.0150522
8.150 0.0166813
8.250 0.0195865
8.350 0.0192529
8.450 0.0208729
8.550 0.0187565
8.650 0.0155366
8.750 0.013935
8.850 0.0141075
8.950 0.0113431
9.050 0.0117089
9.150 0.0109877
9.250 0.0120008
9.350 0.0116396
9.450 0.0110953
9.550 0.0109094
9.650 0.0105409
9.750 0.0105313
9.850 0.0109541
9.950 0.0109115
10.050 0.0109804
10.150 0.0106753
10.250 0.0104973
10.350 0.0114373
10.450 0.0112476
10.550 0.012079
10.650 0.012406
10.750 0.0132081
10.850 0.0133848
10.950 0.0129529
11.050 0.0126269
11.150 0.01279
11.250 0.0113778
11.350 0.0115533
11.450 0.0109133
11.550 0.0108946
11.650 0.00972391
11.750 0.00961866
11.850 0.00932535
11.950 0.00950809
12.050 0.00906791
12.150 0.00887746
12.250 0.00936318
12.350 0.00913812
12.450 0.00978767
12.550 0.00997167
12.650 0.0101164
12.750 0.0102113
12.850 0.01047
12.950 0.0114
13.050 0.0116122
13.150 0.0123992
13.250 0.0131027
13.350 0.0121573
13.450 0.0126817
13.550 0.0131838
13.650 0.0123074
13.750 0.0131999
13.850 0.0131332
13.950 0.0133841
14.050 0.01359
14.150 0.013337
14.250 0.0132668
14.350 0.0130077
14.450 0.0132664
14.550 0.0130798
14.650 0.0132993
14.750 0.0128031
14.850 0.0132559
14.950 0.0132723
15.050 0.0140086
15.150 0.0138645
15.250 0.0143286
15.350 0.0147706
15.450 0.0149677
15.550 0.0149032
15.650 0.0153219
15.750 0.0150162
15.850 0.0153795
15.950 0.0158054
16.050 0.0158726
16.150 0.0162361
16.250 0.0165975
16.350 0.0163566
16.450 0.0165951
16.550 0.0171419
16.650 0.0173372
16.750 0.0174054
16.850 0.018224
16.950 0.0185784
17.050 0.0182126
17.150 0.0178855
17.250 0.0185803
17.350 0.0177112
17.450 0.0181738
17.550 0.0178471
17.650 0.0177081
17.750 0.0177245
17.850 0.0170942
17.950 0.0174082
18.050 0.0171781
18.150 0.0169736
18.250 0.0173962
18.350 0.017436
18.450 0.0175978
18.550 0.0178625
18.650 0.0177808
18.750 0.0177087
18.850 0.0180478
18.950 0.0180352
19.050 0.018427
19.150 0.0186919
19.250 0.0189032
19.350 0.0196444
19.450 0.0201386
19.550 0.0206967
19.650 0.0206756
19.750 0.0214524
19.850 0.0218029
19.950 0.0220497
