0.050 0
0.150 0
0.250 0
0.350 0
0.450 0
0.550 0
0.650 0
0.750 0
0.850 0
0.950 0
1.050 0
1.150 0
1.250 0
1.350 0
1.450 0
1.550 0
1.650 0
1.750 0
1.850 0
1.950 0
2.050 0.000489089
2.150 0.046687
2.250 0.178843
2.350 0.093791
2.450 0.0207169
2.550 0.00347716
2.650 0.000292753
2.750 0
2.850 0
2.950 0
3.050 0
3.150 0
3.250 0
3.350 0
3.450 0
3.550 0
3.650 0
3.750 0
3.850 0
3.950 0
4.050 0
4.150 0
4.250 0
4.350 0
4.450 0
4.550 0
4.650 0
4.750 0
4.850 0
4.950 0
5.050 0
5.150 7.74975e-05
5.250 0.000298358
5.350 0.000574575
5.450 0.00162633
5.550 0.00286965
5.650 0.00502276
5.750 0.00758537
5.850 0.00822931
5.950 0.0113228
6.050 0.0125522
6.150 0.0102723
6.250 0.00878833
6.350 0.00644911
6.450 0.00444707
6.550 0.00330619
6.650 0.00330044
6.750 0.00214302
6.850 0.00192763
6.950 0.00180879
7.050 0.0023161
7.150 0.00309626
7.250 0.00430202
7.350 0.00391944
7.450 0.00401852
7.550 0.0042555
7.650 0.00451377
7.750 0.00479153
7.850 0.00550428
7.950 0.00653754
8.050 0.00747059
8.150 0.00748951
8.250 0.00780749
8.350 0.00791638
8.450 0.00781646
8.550 0.00748012
8.650 0.00758284
8.750 0.00668567
8.850 0.00685033
8.950 0.00726262
9.050 0.00785612
9.150 0.00812729
9.250 0.00952617
9.350 0.0100054
9.450 0.0108421
9.550 0.0111235
9.650 0.0105409
9.750 0.00916881
9.850 0.00866585
9.950 0.00839902
10.050 0.00740851
10.150 0.00718344
10.250 0.00694605
10.350 0.00602575
10.450 0.00584511
10.550 0.00521756
10.650 0.00527417
10.750 0.00525652
10.850 0.00529099
10.950 0.00472342
11.050 0.00448673
11.150 0.00478691
11.250 0.00474276
11.350 0.00505051
11.450 0.00595063
11.550 0.00641043
11.650 0.00767155
11.750 0.00836048
11.850 0.00902517
11.950 0.00925626
12.050 0.00857938
12.150 0.00804194
12.250 0.00720559
12.350 0.00640875
12.450 0.00564316
12.550 0.0056775
12.650 0.00511932
12.750 0.00529856
12.850 0.00461257
12.950 0.00489089
13.050 0.00473183
13.150 0.00474332
13.250 0.00504084
13.350 0.00479251
13.450 0.00480681
13.550 0.00510559
13.650 0.00575373
13.750 0.00549097
13.850 0.00544402
13.950 0.00617976
14.050 0.00674817
14.150 0.0071407
14.250 0.00746611
14.350 0.0080212
14.450 0.00857518
14.550 0.00864216
14.650 0.00892216
14.750 0.00815434
14.850 0.00769524
14.950 0.00732597
15.050 0.00710637
15.150 0.00673528
15.250 0.00648372
15.350 0.00631219
15.450 0.00633405
15.550 0.00615089
15.650 0.00632859
15.750 0.00653852
15.850 0.00637442
15.950 0.00648064
16.050 0.00704246
16.150 0.00692404
16.250 0.0072594
16.350 0.00771303
16.450 0.00764997
16.550 0.00826701
16.650 0.0083794
16.750 0.00929073
16.850 0.00967317
16.950 0.00964164
17.050 0.00983293
17.150 0.010089
17.250 0.0108774
17.350 0.0107933
17.450 0.010697
17.550 0.0104453
17.650 0.00988521
17.750 0.00962399
17.850 0.00958096
17.950 0.00944909
18.050 0.00895664
18.150 0.0092606
18.250 0.00940943
18.350 0.00942008
18.450 0.00962314
18.550 0.00997083
18.650 0.0106354
18.750 0.0107678
18.850 0.0107639
18.950 0.0111915
19.050 0.0117852
19.150 0.0118699
19.250 0.0118828
19.350 0.0119881
19.450 0.0126287
19.550 0.012887
19.650 0.0129638
19.750 0.0132888
19.850 0.0136092
19.950 0.0143822
