0.050 0
0.150 0
0.250 0
0.350 0
0.450 0
0.550 0
0.650 0
0.750 0
0.850 0
0.950 0
1.050 0
1.150 0
1.250 0
1.350 0
1.450 0
1.550 0
1.650 0
1.750 0
1.850 0
1.950 0
2.050 0.00126883
2.150 0.184138
2.250 0.710072
2.350 0.430537
2.450 0.102165
2.550 0.0197847
2.650 0.00379682
2.750 0.00096963
2.850 0.000656557
2.950 7.66567e-05
3.050 7.16116e-05
3.150 0.000201522
3.250 6.30631e-05
3.350 0.000178258
3.450 0.00028
3.550 0.000529029
3.650 0.00190142
3.750 0.00455077
3.850 0.00656627
3.950 0.0106387
4.050 0.0147125
4.150 0.0181536
4.250 0.0198192
4.350 0.0193765
4.450 0.0179431
4.550 0.0158751
4.650 0.0131031
4.750 0.0101935
4.850 0.00816204
4.950 0.00560463
5.050 0.00337205
5.150 0.00246324
5.250 0.00183822
5.350 0.00128102
5.450 0.000852893
5.550 0.000908949
5.650 0.000626567
5.750 0.00108889
5.850 0.00130513
5.950 0.00190184
6.050 0.00298695
6.150 0.00470605
6.250 0.00600739
6.350 0.00702649
6.450 0.00777175
6.550 0.00736535
6.650 0.00679876
6.750 0.00557464
6.850 0.00510054
6.950 0.0046235
7.050 0.00398362
7.150 0.00357301
7.250 0.00343708
7.350 0.00368975
7.450 0.00401179
7.550 0.00426881
7.650 0.00446543
7.750 0.00432879
7.850 0.00391622
7.950 0.00326989
8.050 0.00295247
8.150 0.00305113
8.250 0.00308533
8.350 0.00249562
8.450 0.00252084
8.550 0.00247137
8.650 0.00313634
8.750 0.00344815
8.850 0.00448575
8.950 0.00658322
9.050 0.00857924
9.150 0.0104948
9.250 0.0118275
9.350 0.0112251
9.450 0.0111082
9.550 0.00919558
9.650 0.00774597
9.750 0.00693568
9.850 0.00540072
9.950 0.00474725
10.050 0.00469946
10.150 0.00472384
10.250 0.00523494
10.350 0.00634779
10.450 0.00725253
10.550 0.0084035
10.650 0.00879884
10.750 0.00988773
10.850 0.0103407
10.950 0.0104029
11.050 0.0103136
11.150 0.0101403
11.250 0.0102662
11.350 0.00951692
11.450 0.00895482
11.550 0.00884537
11.650 0.00883654
11.750 0.00845984
11.850 0.00780497
11.950 0.0082024
12.050 0.00831017
12.150 0.00806563
12.250 0.00760569
12.350 0.00777582
12.450 0.00708801
12.550 0.00652254
12.650 0.00573243
12.750 0.00531902
12.850 0.00509522
12.950 0.00464705
13.050 0.00444693
13.150 0.00452611
13.250 0.00438961
13.350 0.0047394
13.450 0.00459548
13.550 0.00504715
13.650 0.00510937
13.750 0.00529632
13.850 0.00567189
13.950 0.00618691
14.050 0.00674761
14.150 0.0068024
14.250 0.0071833
14.350 0.00705115
14.450 0.00715191
14.550 0.00729948
14.650 0.00704176
14.750 0.00677816
14.850 0.0064634
14.950 0.00649956
15.050 0.00611025
15.150 0.00588182
15.250 0.00616897
15.350 0.00609442
15.450 0.00604649
15.550 0.00630547
15.650 0.00630126
15.750 0.0063639
15.850 0.00665273
15.950 0.00655393
16.050 0.00697197
16.150 0.0069958
16.250 0.00740473
16.350 0.0077384
16.450 0.0075387
16.550 0.00757205
16.650 0.00804405
16.750 0.00816218
16.850 0.00858681
16.950 0.00891978
17.050 0.0093154
17.150 0.00979412
17.250 0.00970106
17.350 0.0100635
17.450 0.0101017
17.550 0.00978781
17.650 0.0100667
17.750 0.00962342
17.850 0.0096373
17.950 0.00980126
18.050 0.00960703
18.150 0.0102037
18.250 0.0106927
18.350 0.0108674
18.450 0.0114668
18.550 0.0118957
18.650 0.0118432
18.750 0.0124586
18.850 0.0120867
18.950 0.0125163
19.050 0.0125763
19.150 0.0130997
19.250 0.0125665
19.350 0.0128928
19.450 0.0127693
19.550 0.0133332
19.650 0.0134879
19.750 0.0138833
19.850 0.0137504
19.950 0.0142008
