0.050 0
0.150 0
0.250 0
0.350 0
0.450 0
0.550 0
0.650 0
0.750 0
0.850 0
0.950 0
1.050 0
1.150 0
1.250 0
1.350 0
1.450 0
1.550 0
1.650 0
1.750 0
1.850 0
1.950 0
2.050 0
2.150 0
2.250 0
2.350 0.000120661
2.450 0
2.550 0
2.650 0
2.750 0
2.850 0
2.950 0
3.050 0
3.150 0
3.250 6.30631e-05
3.350 0.000475215
3.450 0.0011762
3.550 0.0019572
3.650 0.00295219
3.750 0.00507223
3.850 0.00800537
3.950 0.0128605
4.050 0.0191018
4.150 0.0286046
4.250 0.0360952
4.350 0.0400916
4.450 0.0369299
4.550 0.0334245
4.650 0.0275319
4.750 0.0238144
4.850 0.0199518
4.950 0.0159978
5.050 0.0160763
5.150 0.0150056
5.250 0.016326
5.350 0.0196576
5.450 0.023499
5.550 0.0227248
5.650 0.0247886
5.750 0.0275834
5.850 0.0293951
5.950 0.0327841
6.050 0.0371551
6.150 0.0384418
6.250 0.0412493
6.350 0.0419938
6.450 0.0432337
6.550 0.0431668
6.650 0.0411096
6.750 0.040676
6.850 0.0381047
6.950 0.0384239
7.050 0.037194
7.150 0.0345961
7.250 0.0327858
7.350 0.0300857
7.450 0.0288752
7.550 0.0263611
7.650 0.0258929
7.750 0.0260836
7.850 0.0259101
7.950 0.0258742
8.050 0.0257806
8.150 0.0232148
8.250 0.0219991
8.350 0.0194196
8.450 0.0184119
8.550 0.0156765
8.650 0.0152537
8.750 0.0133919
8.850 0.0133209
8.950 0.0117098
9.050 0.0115909
9.150 0.0106302
9.250 0.0109159
9.350 0.0102337
9.450 0.00990637
9.550 0.0095172
9.650 0.00950711
9.750 0.0095235
9.850 0.00940663
9.950 0.00935323
10.050 0.00964991
10.150 0.00937005
10.250 0.00908655
10.350 0.00934749
10.450 0.00968831
10.550 0.00937384
10.650 0.00967472
10.750 0.00977814
10.850 0.00969504
10.950 0.0101248
11.050 0.01027
11.150 0.0102583
11.250 0.0100925
11.350 0.0108417
11.450 0.0104955
11.550 0.0104795
11.650 0.0100695
11.750 0.0100003
11.850 0.01025
11.950 0.00984106
12.050 0.00950389
12.150 0.00955139
12.250 0.00936052
12.350 0.00913083
12.450 0.00947081
12.550 0.0095406
12.650 0.00905291
12.750 0.00948959
12.850 0.00918913
12.950 0.0093339
13.050 0.00969251
13.150 0.0100045
13.250 0.00996411
13.350 0.010066
13.450 0.00965524
13.550 0.00966939
13.650 0.0102081
13.750 0.00927377
13.850 0.00931414
13.950 0.00949968
14.050 0.00869626
14.150 0.00940284
14.250 0.00934679
14.350 0.00951804
14.450 0.00969335
14.550 0.00981556
14.650 0.0104089
14.750 0.0104797
14.850 0.0109981
14.950 0.0115763
15.050 0.0119998
15.150 0.0118564
15.250 0.0126331
15.350 0.0121521
15.450 0.0123752
15.550 0.0128782
15.650 0.0132287
15.750 0.0131177
15.850 0.0135179
15.950 0.0137262
16.050 0.0143631
16.150 0.0146996
16.250 0.0152565
16.350 0.0147188
16.450 0.0157746
16.550 0.0156479
16.650 0.0162589
16.750 0.0164383
16.850 0.0162931
16.950 0.0163473
17.050 0.0166883
17.150 0.0167072
17.250 0.0170092
17.350 0.0166831
17.450 0.0170682
17.550 0.0167033
17.650 0.0168569
17.750 0.0166189
17.850 0.0166236
17.950 0.0168527
18.050 0.0162756
18.150 0.0167221
18.250 0.0168697
18.350 0.016815
18.450 0.017115
18.550 0.0169891
18.650 0.0175242
18.750 0.017499
18.850 0.0178899
18.950 0.0176718
19.050 0.0184237
19.150 0.018659
19.250 0.0188937
19.350 0.0189108
19.450 0.0192474
19.550 0.01993
19.650 0.0201852
19.750 0.0205846
19.850 0.0206672
19.950 0.0208307
