0.050 0
0.150 0
0.250 0
0.350 0
0.450 0
0.550 0
0.650 0
0.750 0
0.850 0
0.950 0
1.050 0
1.150 0
1.250 0
1.350 0
1.450 0
1.550 0
1.650 0
1.750 0
1.850 0
1.950 0
2.050 0
2.150 0.000144204
2.250 0.00105329
2.350 0.00120703
2.450 0.000444244
2.550 0
2.650 0
2.750 0
2.850 0
2.950 0
3.050 0
3.150 0.000134394
3.250 0.000252392
3.350 0.000415796
3.450 0.000672112
3.550 0.0019572
3.650 0.00335257
3.750 0.0057833
3.850 0.00953458
3.950 0.0136724
4.050 0.0212559
4.150 0.0281401
4.250 0.0321092
4.350 0.0329751
4.450 0.0357179
4.550 0.0358075
4.650 0.0329582
4.750 0.0281578
4.850 0.0230126
4.950 0.0200789
5.050 0.0149
5.150 0.0157094
5.250 0.0147055
5.350 0.0142308
5.450 0.0152395
5.550 0.0180283
5.650 0.021656
5.750 0.0236718
5.850 0.0284796
5.950 0.0318802
6.050 0.0368091
6.150 0.0397814
6.250 0.0415053
6.350 0.0406216
6.450 0.0395962
6.550 0.0375728
6.650 0.0350042
6.750 0.0335504
6.850 0.0315123
6.950 0.0317715
7.050 0.0342163
7.150 0.0357175
7.250 0.0351575
7.350 0.0317887
7.450 0.027662
7.550 0.0269225
7.650 0.0272484
7.750 0.0269715
7.850 0.0273706
7.950 0.0258109
8.050 0.0235173
8.150 0.0215587
8.250 0.0191684
8.350 0.0182436
8.450 0.0162644
8.550 0.0150289
8.650 0.0146121
8.750 0.0125996
8.850 0.0118823
8.950 0.0115268
9.050 0.00997111
9.150 0.00953934
9.250 0.00911612
9.350 0.00874671
9.450 0.00859241
9.550 0.00769706
9.650 0.00801083
9.750 0.00735652
9.850 0.00737964
9.950 0.00717826
10.050 0.00718134
10.150 0.00729289
10.250 0.00741145
10.350 0.00765474
10.450 0.00682525
10.550 0.0076787
10.650 0.00773504
10.750 0.00762068
10.850 0.00770168
10.950 0.00782851
11.050 0.00804236
11.150 0.00779684
11.250 0.00800649
11.350 0.00808861
11.450 0.00837506
11.550 0.00832068
11.650 0.00821277
11.750 0.00834395
11.850 0.00822749
11.950 0.00864595
12.050 0.00876479
12.150 0.00871139
12.250 0.00916951
12.350 0.00894725
12.450 0.00870088
12.550 0.00924421
12.650 0.00892791
12.750 0.00931736
12.850 0.00912046
12.950 0.00935786
13.050 0.00944587
13.150 0.00979622
13.250 0.0102527
13.350 0.00986405
13.450 0.0110077
13.550 0.0111435
13.650 0.0114424
13.750 0.0114459
13.850 0.0119659
13.950 0.0122746
14.050 0.0118235
14.150 0.0117635
14.250 0.0114972
14.350 0.01137
14.450 0.0115037
14.550 0.0112548
14.650 0.0113191
14.750 0.0109822
14.850 0.011252
14.950 0.0115673
15.050 0.0112405
15.150 0.0112901
15.250 0.0115237
15.350 0.011193
15.450 0.0120819
15.550 0.0121394
15.650 0.0125563
15.750 0.0127575
15.850 0.013494
15.950 0.0140303
16.050 0.0147228
16.150 0.014876
16.250 0.0152943
16.350 0.0158535
16.450 0.0156169
16.550 0.015828
16.650 0.0154292
16.750 0.0161722
16.850 0.015948
16.950 0.0162871
17.050 0.0165576
17.150 0.0160613
17.250 0.0165231
17.350 0.017137
17.450 0.0169829
17.550 0.0171752
17.650 0.0170752
17.750 0.0171669
17.850 0.0173894
17.950 0.0171527
18.050 0.0172578
18.150 0.0172787
18.250 0.0174221
18.350 0.0180683
18.450 0.0179611
18.550 0.0188316
18.650 0.0187643
18.750 0.018908
18.850 0.0193646
18.950 0.0197975
19.050 0.0197132
19.150 0.0197878
19.250 0.0204302
19.350 0.0210136
19.450 0.0208175
19.550 0.0207796
19.650 0.0208777
19.750 0.0213914
19.850 0.0214776
19.950 0.0221674
