0.050 0
0.150 0
0.250 0
0.350 0
0.450 0
0.550 0
0.650 0
0.750 0
0.850 0
0.950 0
1.050 0
1.150 0
1.250 0
1.350 0
1.450 0
1.550 0
1.650 0
1.750 0
1.850 0
1.950 0
2.050 0.00158611
2.150 0.229849
2.250 0.802897
2.350 0.429089
2.450 0.0948362
2.550 0.0146591
2.650 0.00341718
2.750 0.000528889
2.850 0.000246226
2.950 0
3.050 7.16116e-05
3.150 6.71271e-05
3.250 0.000252392
3.350 0.000237538
3.450 0.000728028
3.550 0.00105792
3.650 0.00295219
3.750 0.00502487
3.850 0.0072409
3.950 0.0133732
4.050 0.019305
4.150 0.0235727
4.250 0.0263148
4.350 0.0246962
4.450 0.0274701
4.550 0.0249557
4.650 0.0236781
4.750 0.020387
4.850 0.0157291
4.950 0.00837982
5.050 0.00504505
5.150 0.00304132
5.250 0.00176563
5.350 0.00102484
5.450 0.00092016
5.550 0.000800761
5.650 0.000814495
5.750 0.000826687
5.850 0.00101293
5.950 0.00126168
6.050 0.00191235
6.150 0.00276721
6.250 0.00298667
6.350 0.00348851
6.450 0.00373361
6.550 0.00358941
6.650 0.00391944
6.750 0.00298485
6.850 0.00302619
6.950 0.00253948
7.050 0.00228022
7.150 0.00241251
7.250 0.00265075
7.350 0.00378855
7.450 0.0052369
7.550 0.00590607
7.650 0.00655015
7.750 0.00659303
7.850 0.00531187
7.950 0.00458833
8.050 0.00453676
8.150 0.00398461
8.250 0.00384937
8.350 0.00372899
8.450 0.00371596
8.550 0.00356573
8.650 0.00424106
8.750 0.00481522
8.850 0.00560925
8.950 0.00649998
9.050 0.00751291
9.150 0.00824136
9.250 0.00869528
9.350 0.00929578
9.450 0.00921954
9.550 0.00870579
9.650 0.00856929
9.750 0.00781239
9.850 0.00739337
9.950 0.00711758
10.050 0.00623736
10.150 0.00590158
10.250 0.00567918
10.350 0.00509073
10.450 0.00471908
10.550 0.0047977
10.650 0.00530753
10.750 0.00603415
10.850 0.00568563
10.950 0.00591588
11.050 0.00589668
11.150 0.00608096
11.250 0.00615243
11.350 0.00661377
11.450 0.00695628
11.550 0.00716621
11.650 0.00770196
11.750 0.00816527
11.850 0.00800915
11.950 0.00818376
12.050 0.0076169
12.150 0.00772242
12.250 0.00757009
12.350 0.00695418
12.450 0.00719984
12.550 0.00699664
12.650 0.00622825
12.750 0.00565115
12.850 0.00534144
12.950 0.00517187
13.050 0.00488935
13.150 0.00450677
13.250 0.0044353
13.350 0.00455988
13.450 0.00465448
13.550 0.00482923
13.650 0.00521321
13.750 0.00532449
13.850 0.0052966
13.950 0.00570384
14.050 0.00604172
14.150 0.00630967
14.250 0.00680899
14.350 0.00642641
14.450 0.00667291
14.550 0.0061785
14.650 0.00585211
14.750 0.00538699
14.850 0.00491864
14.950 0.00486202
15.050 0.00447678
15.150 0.00472861
15.250 0.00470703
15.350 0.00488066
15.450 0.00507742
15.550 0.00559411
15.650 0.00561261
15.750 0.00569474
15.850 0.0062361
15.950 0.00646214
16.050 0.00636376
16.150 0.00644883
16.250 0.00690737
16.350 0.00719732
16.450 0.0075017
16.550 0.00791764
16.650 0.00810417
16.750 0.00855177
16.850 0.00927714
16.950 0.00926088
17.050 0.00912733
17.150 0.00959918
17.250 0.00945904
17.350 0.00974451
17.450 0.00966168
17.550 0.00968607
17.650 0.00961516
17.750 0.00982663
17.850 0.0101436
17.950 0.0102833
18.050 0.0109698
18.150 0.010912
18.250 0.0112391
18.350 0.0117544
18.450 0.0122051
18.550 0.0123723
18.650 0.0126865
18.750 0.0128834
18.850 0.0131355
18.950 0.0133258
19.050 0.0139633
19.150 0.0136689
19.250 0.0140057
19.350 0.0140785
19.450 0.01395
19.550 0.0139769
19.650 0.0141544
19.750 0.0141156
19.850 0.0143324
19.950 0.0143164
