1.000000000000000000e+00 0 0
1.500000000000000000e+00 0 0
2.000000000000000000e+00 4.19639 0.41714
2.500000000000000000e+00 1.13501 0.058438
3.000000000000000000e+00 0.0145318 0.016632
3.500000000000000000e+00 0.117021 0.102142
4.000000000000000000e+00 1.16727 0.0901146
4.500000000000000000e+00 0.707828 0.106942
5.000000000000000000e+00 1.41825 0.355728
5.500000000000000000e+00 1.55399 0.322954
6.000000000000000000e+00 2.84575 0.0740235
6.500000000000000000e+00 1.86579 0.255846
7.000000000000000000e+00 2.41844 0.353253
7.500000000000000000e+00 2.36394 0.159582
8.000000000000000000e+00 3.62321 0.381355
8.500000000000000000e+00 3.58592 0.225234
9.000000000000000000e+00 3.75801 0.617396
9.500000000000000000e+00 2.68385 0.69229
1.000000000000000000e+01 1.91219 0.0827598
1.050000000000000000e+01 1.18194 0.195646
1.100000000000000000e+01 1.83769 0.241042
1.150000000000000000e+01 1.57896 0.221668
1.200000000000000000e+01 1.6778 0.548935
