1.000000000000000000e+00 0.000000000000000000e+00 0.000000000000000000e+00
1.500000000000000000e+00 0.000000000000000000e+00 0.000000000000000000e+00
2.000000000000000000e+00 5.200000000000000178e+00 7.906429529628197228e-01
2.500000000000000000e+00 4.941860465116278966e-01 5.896105634649758676e-01
3.000000000000000000e+00 1.162790697674418589e-03 3.407988579012290881e-02
3.500000000000000000e+00 1.744186046511627952e-01 3.794690435367609749e-01
4.000000000000000000e+00 2.069767441860465018e-01 4.051387065588653025e-01
4.500000000000000000e+00 8.662790697674418450e-01 8.757867512973531721e-01
5.000000000000000000e+00 1.382558139534883823e+00 9.627590995825989761e-01
5.500000000000000000e+00 2.559302325581395365e+00 1.141182363896765750e+00
6.000000000000000000e+00 2.703488372093023173e+00 1.417248207768466495e+00
6.500000000000000000e+00 3.472093023255813815e+00 1.547815502104813445e+00
7.000000000000000000e+00 2.922093023255813993e+00 1.234098971078268603e+00
7.500000000000000000e+00 2.803488372093023262e+00 1.134956988675721368e+00
8.000000000000000000e+00 2.717441860465116488e+00 1.233419510337119496e+00
8.500000000000000000e+00 3.467441860465116488e+00 1.387690222490790104e+00
9.000000000000000000e+00 2.723255813953488591e+00 1.225757897356290371e+00
9.500000000000000000e+00 2.368604651162790731e+00 1.271399304914276884e+00
1.000000000000000000e+01 2.470930232558139483e+00 1.230557283384501099e+00
1.050000000000000000e+01 2.154651162790697683e+00 1.203884891424829462e+00
1.100000000000000000e+01 2.297674418604651159e+00 1.115324204006739484e+00
1.150000000000000000e+01 1.522093023255813860e+00 1.001499011690196950e+00
1.200000000000000000e+01 1.367441860465116177e+00 9.008318972399405045e-01
