1.000000000000000000e+00 0 0
1.500000000000000000e+00 0 0
2.000000000000000000e+00 5.32054 0.085237
2.500000000000000000e+00 0.576016 0.0579124
3.000000000000000000e+00 0.000387597 0.000548145
3.500000000000000000e+00 0.280334 0.242872
4.000000000000000000e+00 0.63999 0.314481
4.500000000000000000e+00 0.446567 0.32084
5.000000000000000000e+00 1.0704 0.676499
5.500000000000000000e+00 1.78264 0.758446
6.000000000000000000e+00 2.8438 0.1146
6.500000000000000000e+00 3.37996 0.0781455
7.000000000000000000e+00 3.39064 0.388264
7.500000000000000000e+00 2.53125 0.261518
8.000000000000000000e+00 2.96947 0.404802
8.500000000000000000e+00 2.79563 0.52427
9.000000000000000000e+00 3.13704 0.696378
9.500000000000000000e+00 2.48641 0.297708
1.000000000000000000e+01 2.44181 0.0217331
1.050000000000000000e+01 2.01024 0.359556
1.100000000000000000e+01 2.16261 0.142494
1.150000000000000000e+01 1.37022 0.243601
1.200000000000000000e+01 1.18911 0.279315
