1.000000000000000000e+00 0.000000000000000000e+00 0.000000000000000000e+00
1.500000000000000000e+00 0.000000000000000000e+00 0.000000000000000000e+00
2.000000000000000000e+00 5.381489841986455858e+00 6.643590517717667954e-01
2.500000000000000000e+00 6.139954853273137392e-01 6.634495460887370744e-01
3.000000000000000000e+00 0.000000000000000000e+00 0.000000000000000000e+00
3.500000000000000000e+00 6.162528216704289408e-01 4.886129529564055551e-01
4.000000000000000000e+00 7.686230248306997748e-01 6.596802359067076571e-01
4.500000000000000000e+00 3.860045146726862053e-01 5.540599750582594352e-01
5.000000000000000000e+00 1.697516930022573423e+00 7.086490320435843149e-01
5.500000000000000000e+00 2.034988713318284237e+00 1.078161710883936752e+00
6.000000000000000000e+00 2.984198645598194144e+00 1.165618632209683314e+00
6.500000000000000000e+00 3.281038374717832884e+00 1.333295381432092253e+00
7.000000000000000000e+00 3.376975169300225676e+00 1.394155121487361759e+00
7.500000000000000000e+00 2.178329571106094598e+00 1.188652103713612185e+00
8.000000000000000000e+00 3.540632054176072074e+00 1.215047326991035570e+00
8.500000000000000000e+00 2.731376975169300447e+00 1.230751445150781498e+00
9.000000000000000000e+00 2.569977426636568918e+00 1.019649720510846347e+00
9.500000000000000000e+00 2.195259593679458110e+00 9.961665180622099047e-01
1.000000000000000000e+01 2.418735891647855407e+00 1.230559428011319678e+00
1.050000000000000000e+01 1.515801354401805856e+00 9.825100192703191126e-01
1.100000000000000000e+01 2.224604966139954954e+00 9.396601444476473386e-01
1.150000000000000000e+01 1.562076749435665990e+00 9.795227213310985226e-01
1.200000000000000000e+01 1.405191873589164864e+00 9.086591946562166955e-01
