1.000000000000000000e+00 0.000000000000000000e+00 0.000000000000000000e+00
1.500000000000000000e+00 0.000000000000000000e+00 0.000000000000000000e+00
2.000000000000000000e+00 5.380132450331125860e+00 6.590199293080002407e-01
2.500000000000000000e+00 6.198675496688741404e-01 6.590199293080002407e-01
3.000000000000000000e+00 0.000000000000000000e+00 0.000000000000000000e+00
3.500000000000000000e+00 5.033112582781457123e-02 2.186273166846249283e-01
4.000000000000000000e+00 9.443708609271522780e-01 2.903835694888057817e-01
4.500000000000000000e+00 8.741721854304636274e-02 3.218951817717882746e-01
5.000000000000000000e+00 1.311258278145695233e-01 4.020123932166910774e-01
5.500000000000000000e+00 7.536423841059602946e-01 8.489787269027351257e-01
6.000000000000000000e+00 2.843708609271523358e+00 1.230709490036652642e+00
6.500000000000000000e+00 3.386754966887417062e+00 1.547939262318235532e+00
7.000000000000000000e+00 3.872847682119205270e+00 1.445611480640010660e+00
7.500000000000000000e+00 2.611920529801324609e+00 1.267679067765201673e+00
8.000000000000000000e+00 2.650331125827814382e+00 1.203574927284327467e+00
8.500000000000000000e+00 2.188079470198675658e+00 1.423219331377868047e+00
9.000000000000000000e+00 4.117880794701986424e+00 1.381288681947473895e+00
9.500000000000000000e+00 2.895364238410595981e+00 1.352326312963832766e+00
1.000000000000000000e+01 2.435761589403973471e+00 1.273070250885703913e+00
1.050000000000000000e+01 2.360264900662251808e+00 1.408586698119441261e+00
1.100000000000000000e+01 1.965562913907284770e+00 1.168632322127017842e+00
1.150000000000000000e+01 1.026490066225165476e+00 8.214590465343407644e-01
1.200000000000000000e+01 7.947019867549668382e-01 7.468953914422300500e-01
