1.000000000000000000e+00 0.000000000000000000e+00 0.000000000000000000e+00
1.500000000000000000e+00 0.000000000000000000e+00 0.000000000000000000e+00
2.000000000000000000e+00 4.785714285714285587e+00 8.019708616309960680e-01
2.500000000000000000e+00 1.214285714285714191e+00 8.071930526520282312e-01
3.000000000000000000e+00 3.781512605042016556e-02 1.907488985347254862e-01
3.500000000000000000e+00 2.605042016806722871e-01 4.436704218895561880e-01
4.000000000000000000e+00 1.056722689075630273e+00 7.210352142867283431e-01
4.500000000000000000e+00 6.764705882352941568e-01 7.589472897578239952e-01
5.000000000000000000e+00 1.237394957983193322e+00 8.453709465586705107e-01
5.500000000000000000e+00 1.245798319327731107e+00 1.061394354672960061e+00
6.000000000000000000e+00 2.949579831932773288e+00 1.102699053055753664e+00
6.500000000000000000e+00 2.210084033613445520e+00 1.369683454688562341e+00
7.000000000000000000e+00 2.476890756302521091e+00 1.098839913787736933e+00
7.500000000000000000e+00 2.247899159663865554e+00 1.285625031229426396e+00
8.000000000000000000e+00 3.449579831932773288e+00 1.504747330730693999e+00
8.500000000000000000e+00 3.657563025210083918e+00 1.522370148116601207e+00
9.000000000000000000e+00 3.191176470588235503e+00 1.450588797562711862e+00
9.500000000000000000e+00 1.878151260504201669e+00 1.194290314484514504e+00
1.000000000000000000e+01 1.960084033613445298e+00 1.139660863456605000e+00
1.050000000000000000e+01 1.331932773109243628e+00 1.014138105151799030e+00
1.100000000000000000e+01 1.960084033613445298e+00 1.010700726884524503e+00
1.150000000000000000e+01 1.359243697478991653e+00 9.804489279281222158e-01
1.200000000000000000e+01 1.123949579831932777e+00 9.048039097533042696e-01
