1.000000000000000000e+00 0.000000000000000000e+00 0.000000000000000000e+00
1.500000000000000000e+00 0.000000000000000000e+00 0.000000000000000000e+00
2.000000000000000000e+00 3.878612716763005785e+00 5.976069831199571913e-01
2.500000000000000000e+00 1.115606936416184913e+00 6.035597417643661089e-01
3.000000000000000000e+00 5.780346820809248269e-03 7.580853785320230964e-02
3.500000000000000000e+00 3.082851637764932526e-02 1.728528824046690060e-01
4.000000000000000000e+00 1.167630057803468180e+00 4.654046760276452366e-01
4.500000000000000000e+00 5.953757225433525813e-01 6.315850045597870555e-01
5.000000000000000000e+00 1.102119460500963433e+00 8.160099226245194348e-01
5.500000000000000000e+00 2.000000000000000000e+00 1.010541738380772658e+00
6.000000000000000000e+00 2.805394990366088415e+00 1.234807399604280542e+00
6.500000000000000000e+00 1.597302504816955793e+00 1.048750264163647694e+00
7.000000000000000000e+00 1.959537572254335336e+00 1.288866127284128416e+00
7.500000000000000000e+00 2.589595375722543391e+00 1.415292078237687878e+00
8.000000000000000000e+00 3.267822736030828512e+00 1.318150043423834239e+00
8.500000000000000000e+00 3.281310211946049993e+00 1.647634322712214772e+00
9.000000000000000000e+00 4.616570327552986797e+00 1.655665520090998655e+00
9.500000000000000000e+00 3.568400770712909509e+00 1.520142076211425941e+00
1.000000000000000000e+01 1.795761078998073135e+00 1.181383104355174130e+00
1.050000000000000000e+01 1.308285163776493176e+00 9.723284864391074089e-01
1.100000000000000000e+01 2.052023121387283044e+00 1.045768955611744211e+00
1.150000000000000000e+01 1.495183044315992360e+00 1.015997244100981689e+00
1.200000000000000000e+01 1.483622350674373758e+00 1.029067698218081972e+00
