1.000000000000000000e+00 0.000000000000000000e+00 0.000000000000000000e+00
1.500000000000000000e+00 0.000000000000000000e+00 0.000000000000000000e+00
2.000000000000000000e+00 3.924855491329479751e+00 7.051549306550091156e-01
2.500000000000000000e+00 1.075144508670520249e+00 7.051549306550091156e-01
3.000000000000000000e+00 0.000000000000000000e+00 0.000000000000000000e+00
3.500000000000000000e+00 5.973025048169557094e-02 2.369863870754805035e-01
4.000000000000000000e+00 1.277456647398844014e+00 5.412577993396358034e-01
4.500000000000000000e+00 8.516377649325626020e-01 6.384834330029887095e-01
5.000000000000000000e+00 1.915221579961464249e+00 8.025366209548394636e-01
5.500000000000000000e+00 1.416184971098265910e+00 9.271166962595313032e-01
6.000000000000000000e+00 2.782273603082851654e+00 1.040968976814624414e+00
6.500000000000000000e+00 1.789980732177264056e+00 1.055408950871014051e+00
7.000000000000000000e+00 2.818882466281310339e+00 1.019062011411951962e+00
7.500000000000000000e+00 2.254335260115607031e+00 1.271010510595335319e+00
8.000000000000000000e+00 4.152215799614643821e+00 1.452507599713780184e+00
8.500000000000000000e+00 3.818882466281310339e+00 1.374818223633777592e+00
9.000000000000000000e+00 3.466281310211945854e+00 1.355186940391589490e+00
9.500000000000000000e+00 2.605009633911368194e+00 1.182749299511463015e+00
1.000000000000000000e+01 1.980732177263969218e+00 1.042273454194796001e+00
1.050000000000000000e+01 9.055876685934489689e-01 7.632879336623408228e-01
1.100000000000000000e+01 1.500963391136801439e+00 9.473108865668933287e-01
1.150000000000000000e+01 1.882466281310211986e+00 1.034874023738872939e+00
1.200000000000000000e+01 2.425818882466281412e+00 1.194797672325210725e+00
