1.000000000000000000e+00 0 0
1.500000000000000000e+00 0 0
2.000000000000000000e+00 0.00568324 0.00168324
2.500000000000000000e+00 5.47708 1.14908
3.000000000000000000e+00 0.203764 0.0122357
3.500000000000000000e+00 0.134031 0.0280313
4.000000000000000000e+00 0.682599 0.231401
4.500000000000000000e+00 1.46836 0.430355
5.000000000000000000e+00 1.63808 0.639921
5.500000000000000000e+00 2.52216 0.967836
6.000000000000000000e+00 2.51179 1.08821
6.500000000000000000e+00 1.67834 0.453661
7.000000000000000000e+00 2.53776 0.718239
7.500000000000000000e+00 3.34146 0.212543
8.000000000000000000e+00 3.50138 0.00138122
8.500000000000000000e+00 2.57967 0.87433
9.000000000000000000e+00 1.67908 1.12292
9.500000000000000000e+00 1.63548 0.646525
1.000000000000000000e+01 2.09328 0.634718
1.050000000000000000e+01 2.26927 0.515265
1.100000000000000000e+01 1.84005 0.810046
1.150000000000000000e+01 1.88841 0.0375856
1.200000000000000000e+01 1.94749 0.52949
