1.000000000000000000e+00 0 0
1.500000000000000000e+00 0 0
2.000000000000000000e+00 0.00768324 0.000316759
2.500000000000000000e+00 6.73008 0.103924
3.000000000000000000e+00 0.175764 0.0157643
3.500000000000000000e+00 0.137031 0.0250313
4.000000000000000000e+00 0.577599 0.126401
4.500000000000000000e+00 1.94636 0.0476446
5.000000000000000000e+00 0.845079 0.153079
5.500000000000000000e+00 1.60716 0.0528361
6.000000000000000000e+00 1.45879 0.0352136
6.500000000000000000e+00 1.23934 0.0146611
7.000000000000000000e+00 2.07276 0.253239
7.500000000000000000e+00 3.05246 0.0764567
8.000000000000000000e+00 3.17338 0.329381
8.500000000000000000e+00 1.47167 0.23367
9.000000000000000000e+00 0.658085 0.101915
9.500000000000000000e+00 0.938475 0.0504751
1.000000000000000000e+01 1.54628 0.0877182
1.050000000000000000e+01 2.80827 0.0237348
1.100000000000000000e+01 2.94505 0.294954
1.150000000000000000e+01 1.86441 0.0135856
1.200000000000000000e+01 2.17149 0.30549
