1.000000000000000000e+00 0 0
1.500000000000000000e+00 0 0
2.000000000000000000e+00 0.0041322 0.000132196
2.500000000000000000e+00 6.95907 0.0110746
3.000000000000000000e+00 0.0357271 0.0122729
3.500000000000000000e+00 0.0010661 0.0010661
4.000000000000000000e+00 0.0185949 0.000594883
4.500000000000000000e+00 1.50945 0.0534499
5.000000000000000000e+00 1.096 0.096
5.500000000000000000e+00 1.70475 0.00325373
6.000000000000000000e+00 1.63303 0.271026
6.500000000000000000e+00 2.75161 0.0223945
7.000000000000000000e+00 2.73155 0.036452
7.500000000000000000e+00 2.21605 0.108047
8.000000000000000000e+00 1.98837 0.137627
8.500000000000000000e+00 1.04662 0.12338
9.000000000000000000e+00 0.582987 0.0350128
9.500000000000000000e+00 1.6057 0.0296972
1.000000000000000000e+01 2.02295 0.168949
1.050000000000000000e+01 2.13159 0.145593
1.100000000000000000e+01 1.85805 0.0499488
1.150000000000000000e+01 1.88247 0.157527
1.200000000000000000e+01 2.83204 0.00804264
