2.000000000000000000e+00 0.000000000000000000e+00 0.000000000000000000e+00
2.454545454545454586e+00 5.901918976545842632e+00 2.974241689781493281e-01
2.909090909090909172e+00 9.808102345415778411e-02 2.974241689781493281e-01
3.363636363636363313e+00 7.249466950959487788e-02 2.593052109046200537e-01
3.818181818181818343e+00 9.040511727078891502e-01 2.945210515962816133e-01
4.272727272727272485e+00 4.285714285714285476e-01 5.783166935076694548e-01
4.727272727272726627e+00 1.654584221748400807e+00 9.860894356511781256e-01
5.181818181818181657e+00 3.727078891257995519e+00 1.452199345248120332e+00
5.636363636363636687e+00 4.592750533049040129e+00 1.596381403660752429e+00
6.090909090909090828e+00 1.727078891257995741e+00 1.083965414283372342e+00
6.545454545454544970e+00 2.486140724946694913e+00 1.189111863944098735e+00
7.000000000000000000e+00 3.533049040511726968e+00 1.485349735813190852e+00
7.454545454545454142e+00 4.462686567164179330e+00 1.515096044247703277e+00
7.909090909090909172e+00 2.543710021321961445e+00 1.179383981955485217e+00
8.363636363636363313e+00 2.846481876332622729e+00 1.103345073862637360e+00
8.818181818181818343e+00 1.776119402985074647e+00 1.080445041086785407e+00
9.272727272727273373e+00 2.089552238805969964e+00 1.264775198487149366e+00
9.727272727272726627e+00 1.912579957356076665e+00 1.130518474797479911e+00
1.018181818181818166e+01 1.588486140724946649e+00 8.150736426758582454e-01
1.063636363636363669e+01 6.247334754797441159e-01 7.002178943303098979e-01
1.109090909090908994e+01 1.302771855010661062e+00 1.021106048372233843e+00
1.154545454545454497e+01 2.247334754797441381e+00 1.156523325044532591e+00
1.200000000000000000e+01 1.351812366737739968e+00 9.718324628226261419e-01
