1.000000000000000000e+00 0.000000000000000000e+00 0.000000000000000000e+00
1.500000000000000000e+00 0.000000000000000000e+00 0.000000000000000000e+00
2.000000000000000000e+00 8.000000000000000167e-03 8.908422980528032942e-02
2.500000000000000000e+00 5.727999999999999758e+00 4.878688348316584378e-01
3.000000000000000000e+00 2.039999999999999869e-01 4.408900089591507587e-01
3.500000000000000000e+00 4.399999999999999745e-02 2.050950998927082991e-01
4.000000000000000000e+00 8.399999999999999689e-01 4.029888335921977260e-01
4.500000000000000000e+00 8.060000000000000497e-01 7.101858911580826161e-01
5.000000000000000000e+00 1.693999999999999950e+00 9.210667728237730278e-01
5.500000000000000000e+00 3.351999999999999869e+00 1.442253791813354891e+00
6.000000000000000000e+00 4.637999999999999901e+00 1.533282752788930337e+00
6.500000000000000000e+00 1.796000000000000041e+00 1.146465873892459131e+00
7.000000000000000000e+00 2.501999999999999780e+00 1.077959182900725565e+00
7.500000000000000000e+00 3.355999999999999872e+00 1.403304671124556702e+00
8.000000000000000000e+00 4.264000000000000234e+00 1.440244423700366205e+00
8.500000000000000000e+00 2.748000000000000220e+00 1.268264956544964184e+00
9.000000000000000000e+00 2.649999999999999911e+00 1.021518477561712990e+00
9.500000000000000000e+00 2.494000000000000217e+00 1.168744625656092495e+00
1.000000000000000000e+01 1.955999999999999961e+00 1.076133820674733732e+00
1.050000000000000000e+01 1.094000000000000083e+00 8.701517109102298031e-01
1.100000000000000000e+01 1.326000000000000068e+00 7.373764303257869246e-01
1.150000000000000000e+01 1.215999999999999970e+00 1.008634720798367246e+00
1.200000000000000000e+01 1.635999999999999899e+00 9.713413406213080581e-01
