2.000000000000000000e+00 0.000000000000000000e+00 0.000000000000000000e+00
2.454545454545454586e+00 6.960893854748603005e+00 1.938475036077929869e-01
2.909090909090909172e+00 3.910614525139664843e-02 1.938475036077929869e-01
3.363636363636363313e+00 0.000000000000000000e+00 0.000000000000000000e+00
3.818181818181818343e+00 0.000000000000000000e+00 0.000000000000000000e+00
4.272727272727272485e+00 1.474860335195530725e+00 5.318717423647778553e-01
4.727272727272726627e+00 1.217877094972066976e+00 8.732613797760213625e-01
5.181818181818181657e+00 1.865921787709497126e+00 9.477468809272963091e-01
5.636363636363636687e+00 1.681564245810055924e+00 9.300962946818226440e-01
6.090909090909090828e+00 2.670391061452514148e+00 1.102442875616834295e+00
6.545454545454544970e+00 2.687150837988826702e+00 1.104790095909105707e+00
7.000000000000000000e+00 2.145251396648044651e+00 9.342145258853260525e-01
7.454545454545454142e+00 2.106145251396648099e+00 8.152980063984134329e-01
7.909090909090909172e+00 1.089385474860335101e+00 7.191313521801575570e-01
8.363636363636363313e+00 4.357541899441340627e-01 5.692844336472401290e-01
8.818181818181818343e+00 1.363128491620111626e+00 9.495563446401313890e-01
9.272727272727273373e+00 2.636871508379888152e+00 1.050130739518695622e+00
9.727272727272726627e+00 2.022346368715083997e+00 9.856813272611968380e-01
1.018181818181818166e+01 1.776536312849162025e+00 9.544411114749593583e-01
1.063636363636363669e+01 1.731843575418994474e+00 1.033323248758685864e+00
1.109090909090908994e+01 2.759776536312849249e+00 1.265508026283958420e+00
1.154545454545454497e+01 2.117318435754190098e+00 1.154385160904275009e+00
1.200000000000000000e+01 1.335195530726257074e+00 9.089507369569940209e-01
