1.000000000000000000e+00 0.000000000000000000e+00 0.000000000000000000e+00
1.500000000000000000e+00 0.000000000000000000e+00 0.000000000000000000e+00
2.000000000000000000e+00 3.333333333333333547e-03 5.763872155263526781e-02
2.500000000000000000e+00 6.923333333333332895e+00 2.660618140374316765e-01
3.000000000000000000e+00 4.333333333333333481e-02 2.036063740543393452e-01
3.500000000000000000e+00 0.000000000000000000e+00 0.000000000000000000e+00
4.000000000000000000e+00 4.666666666666666879e-02 2.109238935940849768e-01
4.500000000000000000e+00 1.540000000000000036e+00 5.958747071882365409e-01
5.000000000000000000e+00 1.736666666666666581e+00 8.873117953809823710e-01
5.500000000000000000e+00 1.686666666666666758e+00 8.804291882687418358e-01
6.000000000000000000e+00 1.370000000000000107e+00 9.017205775626948583e-01
6.500000000000000000e+00 1.633333333333333304e+00 9.994442900376632188e-01
7.000000000000000000e+00 2.513333333333333197e+00 1.066062328801129944e+00
7.500000000000000000e+00 2.583333333333333481e+00 1.105918421745273106e+00
8.000000000000000000e+00 2.416666666666666519e+00 9.145429945545966444e-01
8.500000000000000000e+00 1.439999999999999947e+00 8.716268314670753137e-01
9.000000000000000000e+00 7.133333333333333748e-01 6.766256145182668602e-01
9.500000000000000000e+00 7.099999999999999645e-01 7.522632517942107189e-01
1.000000000000000000e+01 2.296666666666666856e+00 1.108447362555189386e+00
1.050000000000000000e+01 2.216666666666666785e+00 1.132720422503079805e+00
1.100000000000000000e+01 1.899999999999999911e+00 1.008298897483611567e+00
1.150000000000000000e+01 1.876666666666666705e+00 1.096109280845461775e+00
1.200000000000000000e+01 1.426666666666666750e+00 9.889163541753951403e-01
