1.000000000000000000e+00 0 0
1.500000000000000000e+00 0 0
2.000000000000000000e+00 0.00333333 0
2.500000000000000000e+00 6.935 0.0116667
3.000000000000000000e+00 0.04 0.00333333
3.500000000000000000e+00 0 0
4.000000000000000000e+00 0.0466667 0
4.500000000000000000e+00 1.60833 0.0683333
5.000000000000000000e+00 1.675 0.0616667
5.500000000000000000e+00 1.695 0.00833333
6.000000000000000000e+00 1.33167 0.0383333
6.500000000000000000e+00 1.77333 0.14
7.000000000000000000e+00 2.415 0.0983333
7.500000000000000000e+00 2.645 0.0616667
8.000000000000000000e+00 2.52 0.103333
8.500000000000000000e+00 1.195 0.245
9.000000000000000000e+00 0.573333 0.14
9.500000000000000000e+00 0.798333 0.0883333
1.000000000000000000e+01 2.15167 0.145
1.050000000000000000e+01 1.99333 0.223333
1.100000000000000000e+01 1.87333 0.0266667
1.150000000000000000e+01 2.02167 0.145
1.200000000000000000e+01 1.85 0.423333
