1.000000000000000000e+00 0.000000000000000000e+00 0.000000000000000000e+00
1.500000000000000000e+00 0.000000000000000000e+00 0.000000000000000000e+00
2.000000000000000000e+00 4.000000000000000083e-03 6.311893535223800367e-02
2.500000000000000000e+00 6.948000000000000398e+00 2.220270253820466611e-01
3.000000000000000000e+00 4.800000000000000100e-02 2.137662274541982099e-01
3.500000000000000000e+00 0.000000000000000000e+00 0.000000000000000000e+00
4.000000000000000000e+00 1.799999999999999864e-02 1.329511188369620067e-01
4.500000000000000000e+00 1.455999999999999961e+00 5.215975460064973257e-01
5.000000000000000000e+00 1.191999999999999948e+00 8.804180825039885638e-01
5.500000000000000000e+00 1.707999999999999963e+00 9.564183185196737380e-01
6.000000000000000000e+00 1.362000000000000099e+00 1.057807165791572634e+00
6.500000000000000000e+00 2.774000000000000021e+00 1.118447137776301004e+00
7.000000000000000000e+00 2.767999999999999794e+00 1.161970739734869751e+00
7.500000000000000000e+00 2.108000000000000096e+00 9.941508939793797239e-01
8.000000000000000000e+00 2.125999999999999890e+00 9.392145654747906525e-01
8.500000000000000000e+00 1.169999999999999929e+00 8.792610533851707988e-01
9.000000000000000000e+00 6.179999999999999938e-01 6.986243625869341667e-01
9.500000000000000000e+00 1.576000000000000068e+00 9.920806418835114160e-01
1.000000000000000000e+01 1.854000000000000092e+00 1.090267856996619100e+00
1.050000000000000000e+01 1.985999999999999988e+00 1.072289140111005734e+00
1.100000000000000000e+01 1.907999999999999918e+00 1.100697960386953778e+00
1.150000000000000000e+01 2.040000000000000036e+00 1.085541339608952827e+00
1.200000000000000000e+01 2.823999999999999844e+00 1.208728257301863396e+00
