1.000000000000000000e+00 0.000000000000000000e+00 0.000000000000000000e+00
1.500000000000000000e+00 0.000000000000000000e+00 0.000000000000000000e+00
2.000000000000000000e+00 4.264392324093816550e-03 6.516292874173186533e-02
2.500000000000000000e+00 6.970149253731343642e+00 1.701754365819609094e-01
3.000000000000000000e+00 2.345415778251599276e-02 1.513408744035425468e-01
3.500000000000000000e+00 2.132196162046908275e-03 4.612645554964590888e-02
4.000000000000000000e+00 1.918976545842217621e-02 1.371915389521996820e-01
4.500000000000000000e+00 1.562899786780383771e+00 5.412503416978268200e-01
5.000000000000000000e+00 1.000000000000000000e+00 7.502664771801974553e-01
5.500000000000000000e+00 1.701492537313432862e+00 9.144760407188293749e-01
6.000000000000000000e+00 1.904051172707889039e+00 1.185090662345446466e+00
6.500000000000000000e+00 2.729211087420042592e+00 1.172362810248438025e+00
7.000000000000000000e+00 2.695095948827292087e+00 1.196475564080608400e+00
7.500000000000000000e+00 2.324093816631130238e+00 9.825098835986411094e-01
8.000000000000000000e+00 1.850746268656716431e+00 8.804343747751166571e-01
8.500000000000000000e+00 9.232409381663112535e-01 7.604799766116561166e-01
9.000000000000000000e+00 5.479744136460554804e-01 6.662285662921042517e-01
9.500000000000000000e+00 1.635394456289978704e+00 9.493039218757448605e-01
1.000000000000000000e+01 2.191897654584221922e+00 1.099262411256051841e+00
1.050000000000000000e+01 2.277185501066098183e+00 1.026270999241232440e+00
1.100000000000000000e+01 1.808102345415778300e+00 9.911433073090373247e-01
1.150000000000000000e+01 1.724946695095948890e+00 1.021640183497098953e+00
1.200000000000000000e+01 2.840085287846481954e+00 1.273819028786710383e+00
