1.000000000000000000e+00 0.000000000000000000e+00 0.000000000000000000e+00
1.500000000000000000e+00 0.000000000000000000e+00 0.000000000000000000e+00
2.000000000000000000e+00 3.333333333333333547e-03 5.763872155263527475e-02
2.500000000000000000e+00 6.946666666666666323e+00 2.246973272847028469e-01
3.000000000000000000e+00 3.666666666666666685e-02 1.879420714534726922e-01
3.500000000000000000e+00 0.000000000000000000e+00 0.000000000000000000e+00
4.000000000000000000e+00 4.666666666666666879e-02 2.109238935940849768e-01
4.500000000000000000e+00 1.676666666666666750e+00 6.674245691878262221e-01
5.000000000000000000e+00 1.613333333333333286e+00 9.039665677200433569e-01
5.500000000000000000e+00 1.703333333333333366e+00 8.536132353446469478e-01
6.000000000000000000e+00 1.293333333333333224e+00 8.528123409571937152e-01
6.500000000000000000e+00 1.913333333333333330e+00 1.076640866563941756e+00
7.000000000000000000e+00 2.316666666666666874e+00 1.081536972193841484e+00
7.500000000000000000e+00 2.706666666666666554e+00 1.174998817966308451e+00
8.000000000000000000e+00 2.623333333333333517e+00 1.004052898119527581e+00
8.500000000000000000e+00 9.499999999999999556e-01 7.751343969488989627e-01
9.000000000000000000e+00 4.333333333333333481e-01 5.527707983925665980e-01
9.500000000000000000e+00 8.866666666666667140e-01 7.618982142575797534e-01
1.000000000000000000e+01 2.006666666666666821e+00 9.626121868240721247e-01
1.050000000000000000e+01 1.770000000000000018e+00 8.739374500882008956e-01
1.100000000000000000e+01 1.846666666666666679e+00 9.254668491571639288e-01
1.150000000000000000e+01 2.166666666666666519e+00 1.119027355439634608e+00
1.200000000000000000e+01 2.273333333333333428e+00 1.256432338895422607e+00
