1.000000000000000000e+00 0.000000000000000000e+00 0.000000000000000000e+00
1.500000000000000000e+00 0.000000000000000000e+00 0.000000000000000000e+00
2.000000000000000000e+00 2.000000000000000042e-02 1.399999999999999856e-01
2.500000000000000000e+00 5.950000000000000178e+00 2.179449471770336377e-01
3.000000000000000000e+00 4.333333333333333481e-02 2.036063740543393452e-01
3.500000000000000000e+00 7.666666666666666075e-02 2.660618140374316765e-01
4.000000000000000000e+00 1.006666666666666599e+00 4.162798204199776864e-01
4.500000000000000000e+00 6.066666666666666874e-01 6.672996994521194214e-01
5.000000000000000000e+00 1.916666666666666741e+00 1.001526612504907598e+00
5.500000000000000000e+00 2.513333333333333197e+00 1.138634659971708762e+00
6.000000000000000000e+00 3.966666666666666785e+00 1.444145268162297935e+00
6.500000000000000000e+00 2.493333333333333179e+00 1.204141003186734560e+00
7.000000000000000000e+00 2.633333333333333304e+00 1.032257504480134758e+00
7.500000000000000000e+00 2.356666666666666465e+00 1.161660688650328455e+00
8.000000000000000000e+00 4.769999999999999574e+00 1.431933424895631690e+00
8.500000000000000000e+00 3.863333333333333286e+00 1.305624584463526361e+00
9.000000000000000000e+00 2.543333333333333446e+00 9.388586451407664457e-01
9.500000000000000000e+00 8.733333333333332948e-01 8.270160551981778907e-01
1.000000000000000000e+01 2.316666666666666874e+00 1.008161142322441028e+00
1.050000000000000000e+01 1.886666666666666714e+00 9.901963890506210175e-01
1.100000000000000000e+01 1.536666666666666625e+00 8.053915541868784667e-01
1.150000000000000000e+01 1.053333333333333233e+00 7.419493843173460279e-01
1.200000000000000000e+01 1.239999999999999991e+00 7.846867740272760461e-01
