1.000000000000000000e+00 0.000000000000000000e+00 0.000000000000000000e+00
1.500000000000000000e+00 0.000000000000000000e+00 0.000000000000000000e+00
2.000000000000000000e+00 1.117318435754189980e-02 1.051111045934456922e-01
2.500000000000000000e+00 5.955307262569832005e+00 2.066284023341556642e-01
3.000000000000000000e+00 3.351955307262569767e-02 1.799888680847711031e-01
3.500000000000000000e+00 0.000000000000000000e+00 0.000000000000000000e+00
4.000000000000000000e+00 9.441340782122904507e-01 2.528203016532907244e-01
4.500000000000000000e+00 4.525139664804469497e-01 6.088104011542022631e-01
5.000000000000000000e+00 1.625698324022346375e+00 9.333120805592636238e-01
5.500000000000000000e+00 3.821229050279329797e+00 1.345962988544032291e+00
6.000000000000000000e+00 4.821229050279329797e+00 1.139144365777865486e+00
6.500000000000000000e+00 1.435754189944134174e+00 1.138486629477572620e+00
7.000000000000000000e+00 2.966480446927374448e+00 1.108118549114407880e+00
7.500000000000000000e+00 3.005586592178770999e+00 1.380216187033292963e+00
8.000000000000000000e+00 4.726256983240223697e+00 1.356932525254550992e+00
8.500000000000000000e+00 2.340782122905027851e+00 1.078516181448794908e+00
9.000000000000000000e+00 2.575418994413407603e+00 9.327434262990100811e-01
9.500000000000000000e+00 1.949720670391061450e+00 1.206471113484816726e+00
1.000000000000000000e+01 2.279329608938547302e+00 1.172386001302764269e+00
1.050000000000000000e+01 1.893854748603351901e+00 1.106060602821709038e+00
1.100000000000000000e+01 1.592178770949720601e+00 8.496764099117384283e-01
1.150000000000000000e+01 5.027932960893854997e-01 6.375082575955730579e-01
1.200000000000000000e+01 1.055865921787709549e+00 9.843505665609966204e-01
