1.000000000000000000e+00 0.000000000000000000e+00 0.000000000000000000e+00
1.500000000000000000e+00 0.000000000000000000e+00 0.000000000000000000e+00
2.000000000000000000e+00 2.000000000000000042e-02 1.399999999999999856e-01
2.500000000000000000e+00 5.892000000000000348e+00 3.103804117530614692e-01
3.000000000000000000e+00 8.799999999999999489e-02 2.832948993540123639e-01
3.500000000000000000e+00 5.600000000000000117e-02 2.299217258111986018e-01
4.000000000000000000e+00 9.240000000000000435e-01 3.320000000000000173e-01
4.500000000000000000e+00 5.520000000000000462e-01 6.444346359406825098e-01
5.000000000000000000e+00 1.872000000000000108e+00 1.116967322709129240e+00
5.500000000000000000e+00 3.208000000000000185e+00 1.297973805590852514e+00
6.000000000000000000e+00 4.064000000000000057e+00 1.681637297397985398e+00
6.500000000000000000e+00 2.032000000000000028e+00 1.232467443789084571e+00
7.000000000000000000e+00 2.668000000000000149e+00 1.137442745811849676e+00
7.500000000000000000e+00 3.104000000000000092e+00 1.410384344779819221e+00
8.000000000000000000e+00 4.748000000000000220e+00 1.401604794512347540e+00
8.500000000000000000e+00 3.395999999999999908e+00 1.393981348512238760e+00
9.000000000000000000e+00 2.295999999999999819e+00 8.719999999999999973e-01
9.500000000000000000e+00 1.292000000000000037e+00 8.892333776911436338e-01
1.000000000000000000e+01 1.832000000000000073e+00 9.857869952479593190e-01
1.050000000000000000e+01 1.739999999999999991e+00 1.054703749874816854e+00
1.100000000000000000e+01 1.703999999999999959e+00 8.856545601982750426e-01
1.150000000000000000e+01 6.760000000000000453e-01 7.396107084135544740e-01
1.200000000000000000e+01 1.207999999999999963e+00 9.740308003343631782e-01
