1.000000000000000000e+00 0 0
1.500000000000000000e+00 0 0
2.000000000000000000e+00 0.00958659 0.00158659
2.500000000000000000e+00 5.84165 0.113654
3.000000000000000000e+00 0.11876 0.0852402
3.500000000000000000e+00 0.022 0.022
4.000000000000000000e+00 0.892067 0.052067
4.500000000000000000e+00 0.629257 0.176743
5.000000000000000000e+00 1.65985 0.0341508
5.500000000000000000e+00 3.58661 0.234615
6.000000000000000000e+00 4.72961 0.0916145
6.500000000000000000e+00 1.61588 0.180123
7.000000000000000000e+00 2.73424 0.23224
7.500000000000000000e+00 3.18079 0.175207
8.000000000000000000e+00 4.49513 0.231128
8.500000000000000000e+00 2.54439 0.203609
9.000000000000000000e+00 2.61271 0.0372905
9.500000000000000000e+00 2.22186 0.27214
1.000000000000000000e+01 2.11766 0.161665
1.050000000000000000e+01 1.49393 0.399927
1.100000000000000000e+01 1.45909 0.133089
1.150000000000000000e+01 0.859397 0.356603
1.200000000000000000e+01 1.34593 0.290067
