1.000000000000000000e+00 0.000000000000000000e+00 0.000000000000000000e+00
1.500000000000000000e+00 0.000000000000000000e+00 0.000000000000000000e+00
2.000000000000000000e+00 6.666666666666667095e-03 8.137703743822466418e-02
2.500000000000000000e+00 5.740000000000000213e+00 4.751140214025821873e-01
3.000000000000000000e+00 2.433333333333333459e-01 4.591175109804557231e-01
3.500000000000000000e+00 1.333333333333333419e-02 1.146976702272350518e-01
4.000000000000000000e+00 9.799999999999999822e-01 4.467661580737735116e-01
4.500000000000000000e+00 1.320000000000000062e+00 9.332380903785127968e-01
5.000000000000000000e+00 1.810000000000000053e+00 1.058568215405444102e+00
5.500000000000000000e+00 2.600000000000000089e+00 1.180395413975051655e+00
6.000000000000000000e+00 3.810000000000000053e+00 1.433143398268296176e+00
6.500000000000000000e+00 2.326666666666666661e+00 1.416552936611343849e+00
7.000000000000000000e+00 2.363333333333333286e+00 1.187990834233253690e+00
7.500000000000000000e+00 2.636666666666666714e+00 1.124569053262428842e+00
8.000000000000000000e+00 4.153333333333333321e+00 1.495489514804061892e+00
8.500000000000000000e+00 4.176666666666666750e+00 1.448719741319517196e+00
9.000000000000000000e+00 2.633333333333333304e+00 1.045094360439392300e+00
9.500000000000000000e+00 1.333333333333333259e+00 9.213516640723502515e-01
1.000000000000000000e+01 1.870000000000000107e+00 1.104430471630815980e+00
1.050000000000000000e+01 2.209999999999999964e+00 1.116198907005377716e+00
1.100000000000000000e+01 1.706666666666666776e+00 9.276972686292777048e-01
1.150000000000000000e+01 8.033333333333333437e-01 7.380078289256528645e-01
1.200000000000000000e+01 1.449999999999999956e+00 9.169696468985947257e-01
