2.000000000000000000e+00 0.000000000000000000e+00 0.000000000000000000e+00
2.454545454545454586e+00 6.943999999999999950e+00 2.299217258111986295e-01
2.909090909090909172e+00 4.000000000000000083e-02 1.959591794226542560e-01
3.363636363636363313e+00 4.000000000000000083e-03 6.311893535223800367e-02
3.818181818181818343e+00 5.600000000000000117e-02 2.299217258111986018e-01
4.272727272727272485e+00 1.735999999999999988e+00 6.590174504518070409e-01
4.727272727272726627e+00 1.387999999999999901e+00 8.930039193642993478e-01
5.181818181818181657e+00 1.572000000000000064e+00 8.419121094271063699e-01
5.636363636363636687e+00 9.759999999999999787e-01 7.690409611977764293e-01
6.090909090909090828e+00 2.096000000000000085e+00 9.202086719869575493e-01
6.545454545454544970e+00 2.572000000000000064e+00 1.097641107101952729e+00
7.000000000000000000e+00 2.700000000000000178e+00 1.149782588144384832e+00
7.454545454545454142e+00 2.628000000000000114e+00 1.047671704304358853e+00
7.909090909090909172e+00 1.076000000000000068e+00 7.988892288671816111e-01
8.363636363636363313e+00 2.680000000000000160e-01 4.859794234327210471e-01
8.818181818181818343e+00 1.108000000000000096e+00 8.581002272462115998e-01
9.272727272727273373e+00 1.959999999999999964e+00 1.134195750300625916e+00
9.727272727272726627e+00 1.840000000000000080e+00 1.026839812239474847e+00
1.018181818181818166e+01 2.248000000000000220e+00 9.436609560641998629e-01
1.063636363636363669e+01 2.068000000000000060e+00 1.165922810481037075e+00
1.109090909090908994e+01 2.600000000000000089e+00 1.382750881395488296e+00
1.154545454545454497e+01 2.152000000000000135e+00 1.173412118567044526e+00
1.200000000000000000e+01 1.463999999999999968e+00 9.760655715678122624e-01
