1.000000000000000000e+00 0 0
1.500000000000000000e+00 0 0
2.000000000000000000e+00 0.0155556 0.00628539
2.500000000000000000e+00 5.86067 0.0885488
3.000000000000000000e+00 0.124889 0.085715
3.500000000000000000e+00 0.0486667 0.0263706
4.000000000000000000e+00 0.970222 0.0344495
4.500000000000000000e+00 0.826222 0.349866
5.000000000000000000e+00 1.86622 0.0437377
5.500000000000000000e+00 2.77378 0.309073
6.000000000000000000e+00 3.94689 0.104634
6.500000000000000000e+00 2.284 0.19074
7.000000000000000000e+00 2.55489 0.136188
7.500000000000000000e+00 2.69911 0.308276
8.000000000000000000e+00 4.55711 0.285655
8.500000000000000000e+00 3.812 0.320766
9.000000000000000000e+00 2.49089 0.142621
9.500000000000000000e+00 1.16622 0.20779
1.000000000000000000e+01 2.00622 0.220065
1.050000000000000000e+01 1.94556 0.196343
1.100000000000000000e+01 1.64911 0.0795177
1.150000000000000000e+01 0.844222 0.156736
1.200000000000000000e+01 1.29933 0.107335
