1.000000000000000000e+00 0.000000000000000000e+00 0.000000000000000000e+00
1.500000000000000000e+00 0.000000000000000000e+00 0.000000000000000000e+00
2.000000000000000000e+00 3.081664098613251263e-03 5.542713635933729094e-02
2.500000000000000000e+00 5.375963020030816608e+00 5.878390384707377070e-01
3.000000000000000000e+00 3.852080123266564127e-01 6.374278978753061820e-01
3.500000000000000000e+00 7.010785824345145967e-01 5.237197244299706123e-01
4.000000000000000000e+00 4.607087827426810667e-01 5.512949791368290109e-01
4.500000000000000000e+00 1.419106317411402252e+00 6.402078361300889142e-01
5.000000000000000000e+00 1.351309707241910685e+00 7.770805729590273270e-01
5.500000000000000000e+00 1.286594761171032442e+00 7.287760962691873790e-01
6.000000000000000000e+00 1.345146379044684037e+00 9.426442262480985157e-01
6.500000000000000000e+00 2.696456086286594722e+00 1.204256606294306753e+00
7.000000000000000000e+00 2.166409861325115482e+00 1.161813930943281115e+00
7.500000000000000000e+00 2.910631741140215833e+00 1.262726670973279619e+00
8.000000000000000000e+00 2.861325115562403543e+00 1.084645078672355822e+00
8.500000000000000000e+00 1.178736517719568555e+00 9.013485564716423593e-01
9.000000000000000000e+00 1.124807395993836723e+00 7.780606851498201859e-01
9.500000000000000000e+00 1.889060092449923012e+00 1.034096917859264941e+00
1.000000000000000000e+01 1.930662557781201771e+00 1.063384003756656870e+00
1.050000000000000000e+01 2.083204930662557963e+00 1.081791396334663480e+00
1.100000000000000000e+01 2.634822804314329581e+00 1.118862649335389259e+00
1.150000000000000000e+01 1.633281972265023141e+00 1.053807470069330066e+00
1.200000000000000000e+01 2.221879815100153976e+00 1.151169638077998991e+00
