1.000000000000000000e+00 0.000000000000000000e+00 0.000000000000000000e+00
1.500000000000000000e+00 0.000000000000000000e+00 0.000000000000000000e+00
2.000000000000000000e+00 6.163328197226502526e-03 7.826456147426992527e-02
2.500000000000000000e+00 5.465331278890601219e+00 6.515005244799070283e-01
3.000000000000000000e+00 3.543913713405238974e-01 5.907478540848232207e-01
3.500000000000000000e+00 8.936825885978427753e-02 2.852745575198651906e-01
4.000000000000000000e+00 9.861325115562403765e-01 4.659023628578163323e-01
4.500000000000000000e+00 1.211093990755007788e+00 9.421479272904192959e-01
5.000000000000000000e+00 2.545454545454545414e+00 1.145036243233851669e+00
5.500000000000000000e+00 2.223420647149460638e+00 1.255253371413837860e+00
6.000000000000000000e+00 4.012326656394453295e+00 1.363118301911438346e+00
6.500000000000000000e+00 1.933744221879815095e+00 1.394547494436302992e+00
7.000000000000000000e+00 2.198767334360554493e+00 1.029128173721244099e+00
7.500000000000000000e+00 2.884437596302003026e+00 1.289003401255343073e+00
8.000000000000000000e+00 5.087827426810477505e+00 1.551376860844370320e+00
8.500000000000000000e+00 2.975346687211093855e+00 1.305202076577286263e+00
9.000000000000000000e+00 2.785824345146378889e+00 1.243305391205944632e+00
9.500000000000000000e+00 2.511556240369799742e+00 1.094997258298575193e+00
1.000000000000000000e+01 1.967642526964560767e+00 1.290190853803894866e+00
1.050000000000000000e+01 1.151001540832049308e+00 8.875112351974098202e-01
1.100000000000000000e+01 1.322033898305084776e+00 8.543326676519601426e-01
1.150000000000000000e+01 1.503852080123266655e+00 1.043167194797424813e+00
1.200000000000000000e+01 1.326656394453004539e+00 8.146849848967856467e-01
