2.000000000000000000e+00 0 0
2.454545454545454586e+00 1.96731 2.78219
2.909090909090909172e+00 0.0390847 0.0417368
3.363636363636363313e+00 3.9186 2.72119
3.818181818181818343e+00 0.380524 0.376676
4.272727272727272485e+00 0.157524 0.1925
4.727272727272726627e+00 1.14624 0.361959
5.181818181818181657e+00 1.66186 1.46744
5.636363636363636687e+00 2.63748 1.38286
6.090909090909090828e+00 2.96677 0.89728
6.545454545454544970e+00 3.98179 1.06023
7.000000000000000000e+00 2.25493 0.915652
7.454545454545454142e+00 3.31039 0.836571
7.909090909090909172e+00 2.96843 0.332655
8.363636363636363313e+00 3.94558 0.799763
8.818181818181818343e+00 2.2883 0.3985
9.272727272727273373e+00 2.43832 0.248491
9.727272727272726627e+00 2.11877 0.265763
1.018181818181818166e+01 1.94127 0.282228
1.063636363636363669e+01 1.2042 0.523943
1.109090909090908994e+01 1.40698 0.131296
1.154545454545454497e+01 1.32204 0.716142
1.200000000000000000e+01 1.34789 0.236855
