1.000000000000000000e+00 0.000000000000000000e+00 0.000000000000000000e+00
1.500000000000000000e+00 0.000000000000000000e+00 0.000000000000000000e+00
2.000000000000000000e+00 8.000000000000000167e-03 8.908422980528034330e-02
2.500000000000000000e+00 6.833999999999999631e+00 4.224263249372605111e-01
3.000000000000000000e+00 1.600000000000000033e-01 4.029888335921976705e-01
3.500000000000000000e+00 1.120000000000000023e-01 3.153664535108324229e-01
4.000000000000000000e+00 7.039999999999999591e-01 5.219042057696029469e-01
4.500000000000000000e+00 1.993999999999999995e+00 7.442875788295810757e-01
5.000000000000000000e+00 6.919999999999999485e-01 7.623227662873515165e-01
5.500000000000000000e+00 1.659999999999999920e+00 8.464041587799530086e-01
6.000000000000000000e+00 1.493999999999999995e+00 9.391293840573832208e-01
6.500000000000000000e+00 1.254000000000000004e+00 1.038019267643910393e+00
7.000000000000000000e+00 2.326000000000000068e+00 1.314429153663292826e+00
7.500000000000000000e+00 2.975999999999999979e+00 1.214670325643958382e+00
8.000000000000000000e+00 2.843999999999999861e+00 1.436545857256217529e+00
8.500000000000000000e+00 1.237999999999999989e+00 1.060827978514895742e+00
9.000000000000000000e+00 7.600000000000000089e-01 6.651315659326355600e-01
9.500000000000000000e+00 8.880000000000000115e-01 7.742454391212131304e-01
1.000000000000000000e+01 1.633999999999999897e+00 1.140194720212297730e+00
1.050000000000000000e+01 2.831999999999999851e+00 1.527015389575363979e+00
1.100000000000000000e+01 3.240000000000000213e+00 1.452721583786790394e+00
1.150000000000000000e+01 1.877999999999999892e+00 1.256628823479709833e+00
1.200000000000000000e+01 1.866000000000000103e+00 1.113572628973970691e+00
