1.000000000000000000e+00 0.000000000000000000e+00 0.000000000000000000e+00
1.500000000000000000e+00 0.000000000000000000e+00 0.000000000000000000e+00
2.000000000000000000e+00 4.000000000000000083e-03 6.311893535223800367e-02
2.500000000000000000e+00 4.328000000000000291e+00 6.755856718433274066e-01
3.000000000000000000e+00 2.159999999999999976e-01 4.163460099484562194e-01
3.500000000000000000e+00 1.059999999999999970e-01 3.205682454642069246e-01
4.000000000000000000e+00 9.140000000000000346e-01 4.319768512316371489e-01
4.500000000000000000e+00 1.038000000000000034e+00 8.812241485569946020e-01
5.000000000000000000e+00 2.278000000000000025e+00 1.168210597452360000e+00
5.500000000000000000e+00 3.490000000000000213e+00 1.588049117628293150e+00
6.000000000000000000e+00 3.600000000000000089e+00 1.521840990379743852e+00
6.500000000000000000e+00 2.132000000000000117e+00 1.354465208117211050e+00
7.000000000000000000e+00 3.255999999999999783e+00 1.267463608945045950e+00
7.500000000000000000e+00 3.553999999999999826e+00 1.501693710448305685e+00
8.000000000000000000e+00 3.500000000000000000e+00 1.572895419282540841e+00
8.500000000000000000e+00 3.454000000000000181e+00 1.444951210248982765e+00
9.000000000000000000e+00 2.802000000000000046e+00 1.146645542441080634e+00
9.500000000000000000e+00 2.282000000000000028e+00 1.339580531360470284e+00
1.000000000000000000e+01 2.728000000000000203e+00 1.197504070974291013e+00
1.050000000000000000e+01 1.754000000000000004e+00 1.147817058594269080e+00
1.100000000000000000e+01 1.030000000000000027e+00 8.349251463454672173e-01
1.150000000000000000e+01 1.925999999999999934e+00 9.168009598598814147e-01
1.200000000000000000e+01 1.417999999999999927e+00 1.059847158792247779e+00
