1.000000000000000000e+00 0.000000000000000000e+00 0.000000000000000000e+00
1.500000000000000000e+00 0.000000000000000000e+00 0.000000000000000000e+00
2.000000000000000000e+00 7.366482504604051837e-03 8.551150472371198130e-02
2.500000000000000000e+00 4.206261510128913805e+00 6.142846996318328534e-01
3.000000000000000000e+00 1.160220994475138073e-01 3.202514198052914818e-01
3.500000000000000000e+00 3.499079189686924579e-02 1.837564594219730785e-01
4.000000000000000000e+00 8.637200736648250610e-01 5.003043004973344310e-01
4.500000000000000000e+00 1.488029465930018391e+00 1.006125064562352955e+00
5.000000000000000000e+00 2.167587476979742078e+00 1.049203450904606649e+00
5.500000000000000000e+00 2.432780847145488146e+00 1.483672029277999682e+00
6.000000000000000000e+00 4.158379373848987370e+00 1.530764547266954878e+00
6.500000000000000000e+00 3.276243093922651894e+00 1.599127026991911560e+00
7.000000000000000000e+00 2.883977900552486151e+00 1.201357893271294275e+00
7.500000000000000000e+00 2.720073664825045867e+00 1.263928802058462919e+00
8.000000000000000000e+00 3.165745856353590959e+00 1.385988071221894158e+00
8.500000000000000000e+00 3.541436464088397962e+00 1.297978084499750384e+00
9.000000000000000000e+00 2.998158379373848881e+00 1.158679440094436908e+00
9.500000000000000000e+00 2.261510128913443829e+00 1.209892893372515266e+00
1.000000000000000000e+01 2.860036832412522934e+00 1.255091141696752288e+00
1.050000000000000000e+01 1.784530386740331487e+00 9.988852490598472134e-01
1.100000000000000000e+01 1.198895027624309328e+00 8.862769366862588427e-01
1.150000000000000000e+01 2.134438305709024153e+00 1.084959966233821183e+00
1.200000000000000000e+01 1.922651933701657434e+00 9.370139685150875586e-01
