1.000000000000000000e+00 0.000000000000000000e+00 0.000000000000000000e+00
1.500000000000000000e+00 0.000000000000000000e+00 0.000000000000000000e+00
2.000000000000000000e+00 7.366482504604051837e-03 8.551150472371198130e-02
2.500000000000000000e+00 6.626151012891344116e+00 5.344635623489371046e-01
3.000000000000000000e+00 1.915285451197053512e-01 4.293149095273195437e-01
3.500000000000000000e+00 1.620626151012891369e-01 3.832075777496142255e-01
4.000000000000000000e+00 4.511970534069981720e-01 5.700581888738930347e-01
4.500000000000000000e+00 1.898710865561694217e+00 6.500164293233109403e-01
5.000000000000000000e+00 9.981583793738489918e-01 7.395660446507263952e-01
5.500000000000000000e+00 1.554327808471454908e+00 9.125151222542621232e-01
6.000000000000000000e+00 1.423572744014732994e+00 8.546032528878122481e-01
6.500000000000000000e+00 1.224677716390423665e+00 8.904954635116050232e-01
7.000000000000000000e+00 1.819521178637200753e+00 1.320132447388924213e+00
7.500000000000000000e+00 3.128913443830570795e+00 1.205402249735850750e+00
8.000000000000000000e+00 3.502762430939226679e+00 1.419248015263004037e+00
8.500000000000000000e+00 1.705340699815838024e+00 1.098177388390869647e+00
9.000000000000000000e+00 5.561694290976059163e-01 6.620978329178810462e-01
9.500000000000000000e+00 9.889502762430939509e-01 7.432120097591263796e-01
1.000000000000000000e+01 1.458563535911602260e+00 1.067533326178129904e+00
1.050000000000000000e+01 2.784530386740331487e+00 1.496336874776243775e+00
1.100000000000000000e+01 2.650092081031307334e+00 1.281341877913802163e+00
1.150000000000000000e+01 1.850828729281768004e+00 1.076209437495837529e+00
1.200000000000000000e+01 2.476979742173112342e+00 1.198112578588020449e+00
