2.000000000000000000e+00 0.000000000000000000e+00 0.000000000000000000e+00
2.454545454545454586e+00 5.344262295081967373e+00 7.495407534199561850e-01
2.909090909090909172e+00 3.442622950819672067e-01 5.084610629269121773e-01
3.363636363636363313e+00 4.098360655737704611e-02 1.982522397122594426e-01
3.818181818181818343e+00 8.688524590163934080e-01 4.782279392070433177e-01
4.272727272727272485e+00 5.000000000000000000e-01 6.683721354720062457e-01
4.727272727272726627e+00 1.885245901639344357e+00 9.425873122272163673e-01
5.181818181818181657e+00 3.102459016393442681e+00 1.343531138623698551e+00
5.636363636363636687e+00 4.454918032786885362e+00 1.560926713973506796e+00
6.090909090909090828e+00 2.286885245901639330e+00 1.108680416314828499e+00
6.545454545454544970e+00 2.393442622950819665e+00 1.056264505568689227e+00
7.000000000000000000e+00 3.086065573770491621e+00 1.223393263700308875e+00
7.454545454545454142e+00 4.061475409836065253e+00 1.485004096771490589e+00
7.909090909090909172e+00 4.200819672131147264e+00 1.323123223982753283e+00
8.363636363636363313e+00 3.155737704918032627e+00 1.097840591337456262e+00
8.818181818181818343e+00 1.668032786885245811e+00 1.116402770717631165e+00
9.272727272727273373e+00 1.885245901639344357e+00 1.153730380977895598e+00
9.727272727272726627e+00 1.614754098360655643e+00 9.954545984449368889e-01
1.018181818181818166e+01 1.213114754098360670e+00 8.799171737914519564e-01
1.063636363636363669e+01 1.299180327868852514e+00 9.982768680014465490e-01
1.109090909090908994e+01 1.852459016393442681e+00 1.021667963992320072e+00
1.154545454545454497e+01 2.254098360655737654e+00 1.177392753181033536e+00
1.200000000000000000e+01 1.758196721311475308e+00 1.009653419186255396e+00
