2.000000000000000000e+00 0.000000000000000000e+00 0.000000000000000000e+00
2.454545454545454586e+00 6.872950819672131395e+00 3.330280560341508100e-01
2.909090909090909172e+00 1.106557377049180307e-01 3.137053480862231347e-01
3.363636363636363313e+00 1.270491803278688547e-01 3.330280560341508655e-01
3.818181818181818343e+00 5.860655737704918433e-01 5.401602029772358815e-01
4.272727272727272485e+00 1.868852459016393519e+00 7.237291821194792307e-01
4.727272727272726627e+00 6.680327868852459217e-01 6.276114483281524103e-01
5.181818181818181657e+00 1.889344262295082011e+00 9.099006770737176897e-01
5.636363636363636687e+00 1.372950819672131173e+00 9.431840810234498607e-01
6.090909090909090828e+00 1.930327868852458995e+00 9.620154172329146158e-01
6.545454545454544970e+00 3.180327868852458995e+00 1.145313998341545458e+00
7.000000000000000000e+00 2.536885245901639330e+00 1.106367621860089079e+00
7.454545454545454142e+00 2.131147540983606703e+00 9.788820963525316499e-01
7.909090909090909172e+00 1.151639344262294973e+00 8.716607106653384562e-01
8.363636363636363313e+00 5.942622950819672623e-01 5.611462478972473189e-01
8.818181818181818343e+00 6.926229508196721785e-01 7.127260104911542493e-01
9.272727272727273373e+00 1.971311475409835978e+00 1.025892614790373525e+00
9.727272727272726627e+00 2.688524590163934302e+00 1.218585361056913952e+00
1.018181818181818166e+01 2.446721311475410054e+00 1.094523208287630389e+00
1.063636363636363669e+01 1.868852459016393519e+00 1.031875736515161845e+00
1.109090909090908994e+01 1.856557377049180335e+00 1.004048175393567943e+00
1.154545454545454497e+01 1.491803278688524692e+00 8.707063426157048980e-01
1.200000000000000000e+01 1.475409836065573854e+00 9.027563870333353835e-01
