#RES  vdW  vdW_sd  EEL  EEL_sd
  1   -2.598    2.004   -0.130    1.654
  2   -0.381    1.511   -0.416    2.883
  3   -0.537    1.700   -0.099    4.931
  4   -4.135    1.981   -0.964    2.454
  5   -0.303    1.870   37.988   19.947
  6   -0.363    1.805   25.228    7.373
  7   -2.203    1.465   -3.666    2.309
  8   -2.007    1.888  -47.497   16.686
  9   -0.207    1.031   -0.654    2.154
 10   -1.647    2.146   -1.208    3.506
 11   -1.158    2.163  -29.127   10.917
 12   -2.017    2.091  -37.929   20.196
 13   -0.851    2.012    0.992    2.823
 14   -3.325    1.611    2.757    4.961
 15    0.916    3.852 -100.984   26.516
 16   -4.448    2.001  -39.753    9.690
 17   -5.356    1.629   -3.165    2.112
 18   -4.218    1.419   -1.230    2.141
 19   -1.313    1.401   -1.375    1.943
 20   -0.870    2.212  -27.364   21.321
 21   -4.484    1.900  -45.241   12.751
 22   -0.611    1.404   35.225   12.637
 23   -0.125    1.212   -0.034    5.155
 24   -1.059    2.651   32.213   24.177
