#RES  vdW  vdW_sd  EEL  EEL_sd
  1   -1.211    1.883    1.112    2.225
  2   -0.990    1.876    0.478    5.758
  3   -1.258    1.702   -0.384    4.260
  4   -4.950    1.563   -0.437    2.825
  5   -0.200    1.797   29.805   14.827
  6   -0.222    2.067   25.997   12.054
  7   -0.791    1.381   -0.302    1.988
  8   -0.192    2.053  -32.000   17.939
  9   -0.124    1.122   -0.320    1.901
 10   -1.543    1.763   -0.879    1.640
 11   -1.792    1.905   33.776   10.445
 12   -0.687    2.369  -52.965    8.086
 13   -2.090    1.920   -1.969    1.263
 14   -4.268    1.550   -6.408    3.058
 15    8.191    2.679 -106.203    5.704
 16   -5.213    2.296  -47.550    7.365
 17   -6.178    1.697   -3.410    2.322
 18   -3.330    1.342    0.253    1.412
 19   -0.629    1.305   -0.196    1.666
 20   -0.161    1.676  -26.274    7.426
 21   -0.352    2.086  -29.777   22.448
 22   -1.904    2.220   33.728    8.143
 23   -2.193    1.155   -1.569    2.375
 24   -4.374    2.195   34.253   21.317
