2.000000000000000000e+00 0 0
2.454545454545454586e+00 0.281051 0.0506406
2.909090909090909172e+00 3.93329 0.668303
3.363636363636363313e+00 0.754371 0.0799061
3.818181818181818343e+00 1.08183 0.195564
4.272727272727272485e+00 0.937046 0.193144
4.727272727272726627e+00 1.57719 0.116208
5.181818181818181657e+00 2.2729 0.166374
5.636363636363636687e+00 1.90364 0.0756976
6.090909090909090828e+00 1.64102 0.511591
6.545454545454544970e+00 2.2561 0.39436
7.000000000000000000e+00 3.15142 0.0372804
7.454545454545454142e+00 3.12522 0.293939
7.909090909090909172e+00 2.88835 0.382167
8.363636363636363313e+00 2.35204 0.338949
8.818181818181818343e+00 2.56362 0.461301
9.272727272727273373e+00 2.47972 0.605329
9.727272727272726627e+00 2.21432 0.24102
1.018181818181818166e+01 2.42747 0.177713
1.063636363636363669e+01 2.68226 0.119459
1.109090909090908994e+01 2.15287 0.0519227
1.154545454545454497e+01 2.20059 0.268367
1.200000000000000000e+01 2.34699 0.120973
