2.000000000000000000e+00 0.000000000000000000e+00 0.000000000000000000e+00 0.000000000000000000e+00
2.454545454545454586e+00 3.439999999999999725e-01 2.791519434628975116e-01 2.200000000000000011e-01
2.909090909090909172e+00 4.751999999999999780e+00 3.932862190812720815e+00 3.115000000000000213e+00
3.363636363636363313e+00 8.659999999999999920e-01 7.137809187279151590e-01 6.833333333333333481e-01
3.818181818181818343e+00 8.359999999999999654e-01 1.314487632508833936e+00 1.094999999999999973e+00
4.272727272727272485e+00 6.640000000000000346e-01 1.067137809187279185e+00 1.080000000000000071e+00
4.727272727272726627e+00 1.727999999999999980e+00 1.445229681978798641e+00 1.558333333333333348e+00
5.181818181818181657e+00 2.093999999999999861e+00 2.494699646643109503e+00 2.229999999999999982e+00
5.636363636363636687e+00 1.973999999999999977e+00 1.798586572438162445e+00 1.938333333333333242e+00
6.090909090909090828e+00 1.965999999999999970e+00 9.187279151943462674e-01 2.038333333333333552e+00
6.545454545454544970e+00 2.501999999999999780e+00 1.699646643109540722e+00 2.566666666666666874e+00
7.000000000000000000e+00 3.181999999999999940e+00 3.098939929328621723e+00 3.173333333333333339e+00
7.454545454545454142e+00 3.540000000000000036e+00 2.893992932862190948e+00 2.941666666666666874e+00
7.909090909090909172e+00 3.419999999999999929e+00 2.706713780918728052e+00 2.538333333333333552e+00
8.363636363636363313e+00 2.600000000000000089e+00 1.872791519434628960e+00 2.583333333333333481e+00
8.818181818181818343e+00 1.911999999999999922e+00 2.862190812720847966e+00 2.916666666666666519e+00
9.272727272727273373e+00 1.897999999999999909e+00 3.314487632508833936e+00 2.226666666666666572e+00
9.727272727272726627e+00 1.883999999999999897e+00 2.452296819787985971e+00 2.306666666666666643e+00
1.018181818181818166e+01 2.410000000000000142e+00 2.219081272084805434e+00 2.653333333333333321e+00
1.063636363636363669e+01 2.842000000000000082e+00 2.554770318021201359e+00 2.649999999999999911e+00
1.109090909090908994e+01 2.081999999999999851e+00 2.204946996466431219e+00 2.171666666666666856e+00
1.154545454545454497e+01 1.850000000000000089e+00 2.501766784452296832e+00 2.250000000000000000e+00
1.200000000000000000e+01 2.323999999999999844e+00 2.505300353356890497e+00 2.211666666666666448e+00
