#Res        AtomicFlx
 345.000       0.9808
 346.000       1.0956
 347.000       1.1007
 348.000       1.1270
 349.000       1.2455
 350.000       1.4077
 351.000       1.4304
 352.000       1.4968
 353.000       1.6865
 354.000       1.5841
 355.000       1.3568
 618.000       1.3703
 619.000       1.1805
 620.000       1.1889
 621.000       1.2452
 622.000       1.3530
 623.000       1.6370
 624.000       1.9421
 625.000       2.2042
 626.000       2.6437
 627.000       2.6066
 628.000       2.5958
 629.000       2.4388
 630.000       2.6135
 631.000       2.5050
 632.000       2.1918
 633.000       2.2344
 634.000       2.3289
 635.000       2.0093
 636.000       1.9051
 637.000       2.1161
 638.000       2.0116
 639.000       1.7802
 640.000       1.8138
 641.000       1.8140
 642.000       2.1124
 643.000       2.5655
 644.000       3.2080
 645.000       3.2947
 646.000       2.7682
 647.000       2.5847
 648.000       2.3944
 649.000       2.4509
 650.000       2.2202
 651.000       1.9947
 652.000       2.0245
 653.000       2.0155
 654.000       2.1914
 655.000       2.3237
 656.000       2.4985
 657.000       2.3540
 658.000       2.2389
 659.000       2.4676
 660.000       2.5703
 661.000       2.4208
 662.000       2.4428
 663.000       2.3976
 664.000       2.3604
 665.000       2.2205
 666.000       2.0353
 667.000       1.9659
 668.000       1.9879
 669.000       1.9026
 670.000       1.7754
 671.000       1.7790
 672.000       1.8366
 673.000       1.7775
 674.000       1.6944
 675.000       1.7690
 676.000       1.8572
 677.000       2.1451
 678.000       2.4212
 679.000       2.4765
 680.000       2.6502
 681.000       2.9020
 682.000       2.8573
 683.000       2.2826
 684.000       1.7893
 685.000       1.7496
 686.000       1.8582
 687.000       1.6632
 688.000       1.5281
 689.000       1.7097
 690.000       1.7301
 691.000       1.5542
 692.000       1.6596
 693.000       1.8765
 694.000       1.7609
 695.000       1.6725
 696.000       1.3868
 697.000       1.1609
 698.000       1.1390
 699.000       1.1187
 700.000       1.1638
 701.000       1.2614
 702.000       1.3691
 703.000       1.5015
 704.000       1.6323
 705.000       1.7876
 706.000       1.8347
 707.000       1.6272
 708.000       1.6342
 709.000       1.6986
 710.000       1.5206
 711.000       1.3864
 712.000       1.5072
 713.000       1.5054
 714.000       1.3105
 715.000       1.1488
 716.000       1.0461
 717.000       1.0771
 718.000       1.1009
 719.000       1.1353
 720.000       1.3187
 721.000       1.4709
 722.000       1.6233
 723.000       1.5334
 724.000       1.5312
 725.000       1.5265
 726.000       1.5457
 727.000       1.3958
 728.000       1.2869
 729.000       1.3676
 730.000       1.3387
 731.000       1.1418
 732.000       1.0015
 733.000       0.9835
 734.000       1.0031
 735.000       1.1112
 736.000       1.2138
 737.000       1.2325
 738.000       1.5367
 739.000       1.2544
