345.000 1.13953 0.366579
346.000 1.30853 0.491748
347.000 1.31163 0.48713
348.000 1.33057 0.470117
349.000 1.4171 0.396293
350.000 1.5576 0.346179
351.000 1.68617 0.590668
352.000 1.90017 0.931535
353.000 1.90473 0.503988
354.000 1.9261 0.789815
355.000 1.54207 0.427855
618.000 1.58003 0.484358
619.000 1.40923 0.528237
620.000 1.43487 0.568036
621.000 1.5098 0.611068
622.000 1.5725 0.506914
623.000 1.82997 0.445637
624.000 2.0926 0.347565
625.000 2.3738 0.391674
626.000 2.7771 0.308074
627.000 2.7659 0.367888
628.000 2.81273 0.500986
629.000 2.7068 0.618919
630.000 2.83047 0.501063
631.000 2.7013 0.453335
632.000 2.41907 0.52485
633.000 2.45397 0.507067
634.000 2.52193 0.445791
635.000 2.23897 0.530392
636.000 2.13537 0.531778
637.000 2.33417 0.503603
638.000 2.24123 0.530315
639.000 1.99107 0.486976
640.000 2.03693 0.515304
641.000 2.0543 0.554949
642.000 2.35137 0.55187
643.000 2.76583 0.46265
644.000 3.34373 0.313463
645.000 3.49423 0.460802
646.000 3.03473 0.615532
647.000 2.8959 0.718686
648.000 2.70727 0.722535
649.000 2.83703 0.891737
650.000 2.6099 0.899974
651.000 2.3318 0.778499
652.000 2.39577 0.857404
653.000 2.40757 0.905439
654.000 2.63157 1.01652
655.000 2.7674 1.02468
656.000 3.0338 1.23622
657.000 2.92067 1.30866
658.000 2.79793 1.29103
659.000 3.08537 1.42667
660.000 3.24017 1.54699
661.000 3.1013 1.57155
662.000 3.16113 1.65892
663.000 3.1575 1.75491
664.000 3.086 1.6757
665.000 2.86157 1.48048
666.000 2.66503 1.45431
667.000 2.61233 1.49287
668.000 2.55373 1.30674
669.000 2.37787 1.09758
670.000 2.25237 1.10151
671.000 2.24227 1.06987
672.000 2.1953 0.828382
673.000 2.0771 0.691897
674.000 1.9365 0.559106
675.000 2.0558 0.662336
676.000 2.14773 0.670958
677.000 2.44973 0.703521
678.000 2.69123 0.623615
679.000 2.6535 0.408764
680.000 2.77617 0.290908
681.000 2.94517 0.0996891
682.000 2.8546 0.00623538
683.000 2.41817 0.313078
684.000 1.98283 0.446946
685.000 1.9507 0.464421
686.000 2.09953 0.557335
687.000 1.91833 0.589205
688.000 1.77 0.558644
689.000 1.98913 0.645324
690.000 2.031 0.694899
691.000 1.81967 0.613069
692.000 1.911 0.580583
693.000 2.17253 0.68366
694.000 2.05677 0.683275
695.000 1.90333 0.533087
696.000 1.61473 0.526389
697.000 1.35893 0.457338
698.000 1.3407 0.465806
699.000 1.2822 0.377587
700.000 1.29893 0.312077
701.000 1.3786 0.270662
702.000 1.45047 0.187908
703.000 1.57413 0.167739
704.000 1.72277 0.208924
705.000 1.90447 0.269892
706.000 1.96347 0.297374
707.000 1.7541 0.293063
708.000 1.7598 0.290061
709.000 1.85343 0.357572
710.000 1.68203 0.372814
711.000 1.52483 0.319698
712.000 1.65853 0.349489
713.000 1.69093 0.428471
714.000 1.4775 0.38567
715.000 1.29907 0.347026
716.000 1.17743 0.303301
717.000 1.17953 0.23656
718.000 1.19473 0.216699
719.000 1.2046 0.160041
720.000 1.3708 0.12032
721.000 1.49827 0.0632006
722.000 1.6332 0.0228631
723.000 1.56543 0.0739778
724.000 1.5714 0.0928379
725.000 1.56563 0.0903746
726.000 1.60617 0.139642
727.000 1.46187 0.152574
728.000 1.3379 0.117779
729.000 1.43833 0.163352
730.000 1.44447 0.244258
731.000 1.234 0.212927
732.000 1.0711 0.160734
733.000 1.0448 0.141566
734.000 1.0528 0.114777
735.000 1.16627 0.127171
736.000 1.3129 0.228862
737.000 1.34003 0.248338
738.000 1.59743 0.140258
739.000 1.4081 0.354955
