#Res        AtomicFlx
 345.000       1.4570
 346.000       1.7344
 347.000       1.7335
 348.000       1.7377
 349.000       1.7603
 350.000       1.8574
 351.000       2.1977
 352.000       2.7069
 353.000       2.3412
 354.000       2.6101
 355.000       1.9126
 618.000       1.9995
 619.000       1.8667
 620.000       1.9268
 621.000       2.0390
 622.000       2.0115
 623.000       2.2159
 624.000       2.3936
 625.000       2.7130
 626.000       3.0439
 627.000       3.0845
 628.000       3.2466
 629.000       3.2428
 630.000       3.2644
 631.000       3.0939
 632.000       2.8736
 633.000       2.8931
 634.000       2.9080
 635.000       2.6983
 636.000       2.5959
 637.000       2.7703
 638.000       2.7005
 639.000       2.4128
 640.000       2.4832
 641.000       2.5349
 642.000       2.8293
 643.000       3.1665
 644.000       3.6152
 645.000       3.8933
 646.000       3.5678
 647.000       3.5183
 648.000       3.3330
 649.000       3.6093
 650.000       3.3893
 651.000       3.0060
 652.000       3.1383
 653.000       3.1917
 654.000       3.5119
 655.000       3.6548
 656.000       4.1044
 657.000       4.0540
 658.000       3.9160
 659.000       4.3209
 660.000       4.5799
 661.000       4.4623
 662.000       4.5978
 663.000       4.6773
 664.000       4.5372
 665.000       4.1437
 666.000       3.9245
 667.000       3.9052
 668.000       3.6854
 669.000       3.3284
 670.000       3.2063
 671.000       3.1688
 672.000       2.9127
 673.000       2.6763
 674.000       2.4207
 675.000       2.6294
 676.000       2.7288
 677.000       3.0590
 678.000       3.2313
 679.000       3.0075
 680.000       3.0281
 681.000       3.0315
 682.000       2.8492
 683.000       2.6893
 684.000       2.3699
 685.000       2.3529
 686.000       2.5822
 687.000       2.4286
 688.000       2.2538
 689.000       2.5480
 690.000       2.6328
 691.000       2.3506
 692.000       2.4138
 693.000       2.7646
 694.000       2.6485
 695.000       2.3650
 696.000       2.0706
 697.000       1.7550
 698.000       1.7441
 699.000       1.6092
 700.000       1.5692
 701.000       1.6130
 702.000       1.6132
 703.000       1.7194
 704.000       1.9037
 705.000       2.1382
 706.000       2.2210
 707.000       2.0079
 708.000       2.0110
 709.000       2.1631
 710.000       2.0049
 711.000       1.8017
 712.000       1.9612
 713.000       2.0620
 714.000       1.8115
 715.000       1.5996
 716.000       1.4401
 717.000       1.3844
 718.000       1.3824
 719.000       1.3432
 720.000       1.4750
 721.000       1.5530
 722.000       1.6530
 723.000       1.6295
 724.000       1.6518
 725.000       1.6439
 726.000       1.7271
 727.000       1.5940
 728.000       1.4399
 729.000       1.5798
 730.000       1.6560
 731.000       1.4184
 732.000       1.2103
 733.000       1.1674
 734.000       1.1522
 735.000       1.2764
 736.000       1.5111
 737.000       1.5551
 738.000       1.7189
 739.000       1.7155
