#Res        AtomicFlx
   1.000       5.3415
   2.000       5.0033
   3.000       4.5755
   4.000       4.1925
   5.000       4.3046
   6.000       4.7711
   7.000       4.6400
   8.000       4.6057
   9.000       4.3954
  10.000       4.7130
  11.000       4.7810
  12.000       4.4078
  13.000       4.4998
  14.000       4.9140
  15.000       4.8316
  16.000       4.6409
  17.000       4.8705
  18.000       4.6935
  19.000       4.6468
  20.000       4.4495
  21.000       4.2031
  22.000       4.2232
  23.000       4.2019
  24.000       4.3485
  25.000       4.7726
  26.000       4.8543
  27.000       4.9960
  28.000       4.6739
  29.000       4.3196
  30.000       4.5435
  31.000       4.6189
  32.000       4.2239
  33.000       4.0757
  34.000       4.3661
  35.000       4.3084
  36.000       3.8973
  37.000       3.6650
  38.000       3.2521
  39.000       2.7801
  40.000       2.7526
  41.000       2.5996
  42.000       2.5719
  43.000       2.5464
  44.000       2.6121
  45.000       2.8739
  46.000       2.6184
  47.000       1.7649
 123.000       1.9562
 124.000       2.2343
 125.000       2.2295
 126.000       2.0042
 127.000       2.2418
 128.000       2.5390
 129.000       2.9747
 130.000       3.4294
 131.000       3.9978
 132.000       4.6337
 133.000       4.9556
 134.000       4.3410
 135.000       4.0006
 136.000       3.7860
 137.000       3.2994
 138.000       3.1862
 139.000       3.0244
 140.000       2.8403
 141.000       2.7080
 142.000       2.4698
 143.000       2.7700
 144.000       3.0658
 145.000       3.0204
 146.000       3.3150
 147.000       3.6390
 148.000       3.6637
 149.000       3.3056
 150.000       3.1286
 151.000       2.7567
 152.000       2.4953
 153.000       2.3355
 154.000       2.1422
 155.000       2.0724
 156.000       1.8430
 157.000       1.8254
 158.000       1.8060
 159.000       1.9898
 160.000       2.1931
 161.000       2.5367
 162.000       2.8683
 163.000       2.9551
 164.000       3.2250
 165.000       3.3156
 166.000       3.4968
 167.000       3.1803
 168.000       3.1196
 169.000       2.9842
 170.000       3.0598
 171.000       3.3301
 172.000       3.0907
 173.000       2.9609
 174.000       2.6942
 175.000       2.8525
 176.000       2.8497
 177.000       3.5176
 178.000       3.6275
 179.000       3.5885
 180.000       3.9145
 181.000       4.2997
 182.000       4.2928
 183.000       3.9748
 184.000       3.8561
 185.000       3.5731
 186.000       3.2945
 187.000       3.2575
 188.000       3.4382
 189.000       3.3646
 190.000       3.6518
 191.000       3.9562
 192.000       4.3485
 193.000       4.7969
 194.000       4.9828
 195.000       5.5321
 196.000       5.7936
 197.000       6.3505
 198.000       6.1958
 199.000       5.5252
 200.000       4.8853
 201.000       4.1027
 202.000       4.4085
 203.000       4.6854
 204.000       3.9645
 205.000       3.6537
 206.000       3.5048
 207.000       3.2022
 208.000       2.8014
 209.000       2.5872
 210.000       2.3895
 211.000       2.0307
 212.000       2.0333
 213.000       2.1563
 214.000       2.1226
 215.000       2.4007
 216.000       2.5258
 217.000       2.5026
 218.000       2.5896
 219.000       2.6399
 220.000       2.8998
 221.000       3.0121
 222.000       3.1885
 223.000       3.2398
 224.000       3.4580
 225.000       3.2707
 226.000       3.1408
 227.000       2.9533
 228.000       3.0298
 229.000       3.2292
 230.000       3.2670
 231.000       3.3628
 232.000       2.9641
 233.000       2.8384
 234.000       2.9154
 235.000       2.8383
 236.000       2.6069
 237.000       2.6595
 238.000       2.7042
 239.000       2.5307
 240.000       2.4242
