#Res        AtomicFlx
   1.000       3.3481
   2.000       3.4914
   3.000       3.4826
   4.000       3.2999
   5.000       3.4376
   6.000       3.7600
   7.000       3.6888
   8.000       3.7675
   9.000       3.6872
  10.000       3.8844
  11.000       3.7628
  12.000       3.4557
  13.000       3.5716
  14.000       3.7848
  15.000       3.5980
  16.000       3.4727
  17.000       3.7463
  18.000       3.6671
  19.000       3.7846
  20.000       3.9409
  21.000       3.9820
  22.000       3.7759
  23.000       3.5616
  24.000       3.3477
  25.000       3.4763
  26.000       3.5569
  27.000       3.6977
  28.000       3.3677
  29.000       3.1033
  30.000       3.3021
  31.000       3.3352
  32.000       3.0166
  33.000       2.9873
  34.000       3.2781
  35.000       3.2352
  36.000       2.9263
  37.000       2.7931
  38.000       2.5420
  39.000       2.1179
  40.000       2.0155
  41.000       2.0337
  42.000       2.3449
  43.000       2.2859
  44.000       2.0276
  45.000       1.8962
  46.000       2.0981
  47.000       1.8081
 123.000       1.5290
 124.000       1.6109
 125.000       1.8323
 126.000       2.1115
 127.000       2.1965
 128.000       2.5919
 129.000       2.6272
 130.000       2.9361
 131.000       3.2434
 132.000       3.5500
 133.000       3.6439
 134.000       3.6323
 135.000       4.0581
 136.000       4.1414
 137.000       3.2988
 138.000       2.8158
 139.000       2.4580
 140.000       2.0316
 141.000       1.9302
 142.000       1.7756
 143.000       1.9602
 144.000       2.2081
 145.000       2.2028
 146.000       2.4527
 147.000       2.6910
 148.000       2.8212
 149.000       2.6501
 150.000       2.6998
 151.000       2.5951
 152.000       2.5509
 153.000       2.4783
 154.000       2.3572
 155.000       2.3051
 156.000       2.0036
 157.000       1.9373
 158.000       1.8124
 159.000       1.8995
 160.000       1.9294
 161.000       2.1145
 162.000       2.3518
 163.000       2.5399
 164.000       2.8293
 165.000       3.0840
 166.000       3.3405
 167.000       3.3570
 168.000       3.5755
 169.000       3.6788
 170.000       3.7924
 171.000       3.9471
 172.000       3.7193
 173.000       3.4244
 174.000       3.2331
 175.000       3.0652
 176.000       3.0523
 177.000       3.4324
 178.000       3.7092
 179.000       3.7968
 180.000       3.8995
 181.000       4.2492
 182.000       4.3795
 183.000       4.2701
 184.000       4.3845
 185.000       4.1636
 186.000       3.8668
 187.000       3.5060
 188.000       3.5776
 189.000       3.4674
 190.000       3.5556
 191.000       3.6848
 192.000       4.0978
 193.000       4.7191
 194.000       5.6233
 195.000       6.6226
 196.000       7.4531
 197.000       8.7983
 198.000       8.3296
 199.000       6.9692
 200.000       5.6006
 201.000       4.6330
 202.000       4.2094
 203.000       4.0008
 204.000       3.3742
 205.000       3.3419
 206.000       3.1327
 207.000       2.8567
 208.000       2.5150
 209.000       2.3000
 210.000       2.1037
 211.000       1.9614
 212.000       2.0306
 213.000       2.1703
 214.000       2.2857
 215.000       2.6025
 216.000       2.9031
 217.000       3.0053
 218.000       3.0679
 219.000       2.9090
 220.000       2.9701
 221.000       2.7861
 222.000       2.7049
 223.000       2.5803
 224.000       2.6666
 225.000       2.4519
 226.000       2.3519
 227.000       2.2685
 228.000       2.5745
 229.000       2.7566
 230.000       2.6088
 231.000       2.9068
 232.000       2.7510
 233.000       2.6984
 234.000       3.1763
 235.000       3.3225
 236.000       3.1255
 237.000       3.5340
 238.000       4.0964
 239.000       3.5890
 240.000       3.2960
