#Res        AtomicFlx
 358.000       2.1904
 359.000       2.2321
 360.000       2.3717
 361.000       2.6839
 362.000       2.9431
 363.000       3.3370
 364.000       3.5664
 365.000       3.8561
 366.000       4.5662
 367.000       5.1695
 368.000       5.9386
 369.000       6.6563
 370.000       7.2941
 371.000       7.5876
 372.000       8.1083
 373.000       8.5720
 374.000       8.9193
 375.000       8.3615
 376.000       7.7988
 377.000       7.1137
 378.000       6.9095
 379.000       6.3702
 380.000       5.9734
 381.000       5.4984
 382.000       4.9035
 383.000       4.6940
 384.000       4.1586
 385.000       4.1482
 386.000       3.7158
 387.000       3.3871
 388.000       3.2979
 389.000       3.5234
 390.000       3.7528
 391.000       4.3541
 392.000       4.5331
 393.000       4.8400
 394.000       5.0366
 395.000       5.4128
 396.000       5.4732
 397.000       6.1332
 398.000       6.3062
 399.000       6.1305
 400.000       6.3851
 401.000       6.5267
 402.000       6.3932
 403.000       6.6584
 404.000       6.3567
 405.000       6.9426
 406.000       7.3248
 407.000       6.8703
 408.000       6.9662
 409.000       6.3998
 410.000       6.0095
 411.000       6.2698
 412.000       6.1623
 413.000       5.5467
 414.000       5.4376
 415.000       5.7791
 416.000       5.4985
 417.000       4.9155
 418.000       5.1400
 419.000       5.5089
 420.000       5.0906
 421.000       4.8908
 422.000       4.8237
 423.000       4.4312
 424.000       4.3162
 425.000       4.3555
 426.000       4.3722
 427.000       4.7954
 428.000       4.9650
 429.000       5.5907
 430.000       5.7662
 431.000       5.2601
 432.000       4.9954
 433.000       4.4332
 434.000       3.9746
 435.000       3.9198
 436.000       3.9384
 437.000       4.2036
 438.000       4.1418
 439.000       3.8559
 440.000       3.3012
 441.000       3.5166
 442.000       3.8129
 443.000       3.5173
 444.000       3.4341
 445.000       3.9484
 446.000       4.0876
 447.000       3.9453
 448.000       4.2830
 449.000       4.8080
 450.000       4.8875
 451.000       4.9856
 452.000       5.4460
 453.000       5.9419
 454.000       6.4095
 455.000       6.8854
 456.000       7.0190
 457.000       6.7305
 458.000       6.8950
 459.000       6.5280
 460.000       6.9738
 461.000       6.9968
 462.000       6.3525
 463.000       5.9071
 464.000       5.3468
 465.000       5.3488
 466.000       5.5503
 467.000       5.2536
 468.000       5.0253
 469.000       5.1596
 470.000       5.5297
 471.000       5.5982
 472.000       5.4645
 473.000       5.9823
 474.000       6.4682
 475.000       6.3772
 476.000       6.4801
 477.000       7.2509
 478.000       7.4361
 479.000       7.1173
 480.000       7.3329
 481.000       7.2223
 482.000       7.6234
 483.000       7.4248
 484.000       7.2610
 485.000       7.2461
 486.000       7.0833
 487.000       6.5131
 488.000       6.1609
 489.000       6.3933
 490.000       6.8583
 491.000       6.4774
 492.000       5.9962
 493.000       6.2007
 494.000       6.2330
 495.000       6.7600
 496.000       6.9583
 497.000       7.3909
 498.000       7.6580
 499.000       7.9364
 500.000       8.4057
 501.000       8.9578
 502.000      10.3478
 503.000      10.6325
 504.000      11.7502
 505.000      11.2712
 506.000      10.9500
 507.000       9.8855
 508.000       9.6152
 509.000       8.7276
 510.000       8.3372
 511.000       7.7252
 512.000       7.3313
 513.000       6.7432
 514.000       6.2169
 515.000       5.6567
 516.000       5.2321
 517.000       5.2282
 518.000       5.1605
 519.000       5.5283
 520.000       6.0536
 521.000       6.1176
 522.000       6.2989
 523.000       6.8263
 524.000       7.2097
 525.000       7.2760
 526.000       7.9236
 527.000       7.6019
 528.000       7.5098
 529.000       7.2277
 530.000       7.6920
 531.000       7.5412
 532.000       8.1328
 533.000       8.2430
 534.000       8.4557
 535.000       8.2828
 536.000       8.4020
 537.000       8.0863
 538.000       7.9384
 539.000       7.7006
 540.000       7.4319
 541.000       7.0399
 542.000       6.6673
 543.000       6.4490
 544.000       6.1361
 545.000       5.7032
 546.000       5.5042
 547.000       5.2859
 548.000       4.8101
 549.000       4.5004
 550.000       4.4048
 551.000       4.0938
 552.000       3.6532
 553.000       3.5901
 554.000       3.5397
 555.000       3.2064
 556.000       2.8580
 557.000       2.7011
 558.000       2.7632
 559.000       3.0371
 560.000       3.2770
 561.000       3.8521
 562.000       4.3546
 563.000       5.0628
 564.000       5.6243
 565.000       6.3383
 566.000       7.1392
 567.000       7.7001
 568.000       8.1985
 569.000       8.6551
 570.000       8.7403
 571.000       9.0371
 572.000       9.4479
 573.000       9.2275
 574.000       9.9019
 575.000       9.7913
 576.000       9.2969
 577.000       9.1194
 578.000       8.9143
 579.000       9.3527
 580.000       9.1858
 581.000       8.6406
 582.000       9.0584
 583.000       8.8327
 584.000       8.1289
 585.000       8.0856
 586.000       8.5520
 587.000       8.2362
 588.000       7.6476
 589.000       8.1307
 590.000       8.0479
 591.000       7.6035
 592.000       7.1826
 593.000       6.7238
 594.000       6.1743
 595.000       5.4519
 596.000       4.7467
 597.000       4.0652
 598.000       3.4866
 599.000       2.9688
 600.000       2.5446
 601.000       2.3384
 602.000       2.1492
 603.000       1.7887
