1.000 4.67703 1.53452
2.000 4.49933 1.16386
3.000 4.2112 0.841315
4.000 3.89497 0.687124
5.000 4.0156 0.667417
6.000 4.43407 0.778345
7.000 4.32293 0.732234
8.000 4.3263 0.645247
9.000 4.15933 0.545173
10.000 4.4368 0.637857
11.000 4.4416 0.783811
12.000 4.09043 0.732927
13.000 4.1904 0.714529
14.000 4.5376 0.869259
15.000 4.4204 0.949626
16.000 4.2515 0.899281
17.000 4.49577 0.86541
18.000 4.35137 0.790123
19.000 4.3594 0.663722
20.000 4.27997 0.39152
21.000 4.1294 0.170203
22.000 4.0741 0.344332
23.000 3.98847 0.492903
24.000 4.0149 0.770416
25.000 4.3405 0.997892
26.000 4.42183 0.998739
27.000 4.56323 0.999432
28.000 4.2385 1.00551
29.000 3.91417 0.936308
30.000 4.1297 0.95563
31.000 4.191 0.988193
32.000 3.82147 0.92938
33.000 3.7129 0.837851
34.000 4.00343 0.837543
35.000 3.95067 0.82615
36.000 3.57363 0.747476
37.000 3.37437 0.671189
38.000 3.0154 0.546635
39.000 2.55937 0.509762
40.000 2.5069 0.56742
41.000 2.41097 0.43563
42.000 2.49623 0.174745
43.000 2.45957 0.200533
44.000 2.41727 0.449948
45.000 2.548 0.752634
46.000 2.44497 0.400527
47.000 1.7793 0.0332554
123.000 1.8138 0.328859
124.000 2.0265 0.479894
125.000 2.0971 0.305765
126.000 2.03997 0.0825996
127.000 2.2267 0.034872
128.000 2.55663 0.0407224
129.000 2.85887 0.267506
130.000 3.26497 0.379743
131.000 3.74633 0.580737
132.000 4.27247 0.834233
133.000 4.51837 1.00975
134.000 4.10477 0.545558
135.000 4.01977 0.0442635
136.000 3.90447 0.273587
137.000 3.2992 0.00046188
138.000 3.06273 0.285134
139.000 2.8356 0.436015
140.000 2.57073 0.622538
141.000 2.44873 0.598751
142.000 2.2384 0.534395
143.000 2.50007 0.623384
144.000 2.7799 0.660258
145.000 2.74787 0.629389
146.000 3.02757 0.663799
147.000 3.323 0.729771
148.000 3.38287 0.648557
149.000 3.0871 0.504604
150.000 2.98567 0.33009
151.000 2.70283 0.1244
152.000 2.51383 0.0428009
153.000 2.3831 0.109927
154.000 2.21387 0.165507
155.000 2.14997 0.179133
156.000 1.89653 0.12363
157.000 1.8627 0.0861407
158.000 1.80813 0.00492672
159.000 1.9597 0.069513
160.000 2.1052 0.202996
161.000 2.39597 0.32501
162.000 2.69613 0.397602
163.000 2.8167 0.319621
164.000 3.0931 0.30461
165.000 3.2384 0.178286
166.000 3.4447 0.12032
167.000 3.2392 0.136024
168.000 3.27157 0.350952
169.000 3.21573 0.534703
170.000 3.304 0.563956
171.000 3.53577 0.474967
172.000 3.30023 0.483897
173.000 3.1154 0.356802
174.000 2.87383 0.414845
175.000 2.9234 0.163737
176.000 2.91723 0.155962
177.000 3.4892 0.065587
178.000 3.65473 0.0628927
179.000 3.65793 0.160349
180.000 3.9095 0.011547
181.000 4.28287 0.0388749
182.000 4.3217 0.0667417
183.000 4.07323 0.227322
184.000 4.03223 0.406763
185.000 3.76993 0.454567
186.000 3.48527 0.440557
187.000 3.34033 0.191295
188.000 3.48467 0.10731
189.000 3.39887 0.0791355
190.000 3.61973 0.0740548
191.000 3.86573 0.208924
192.000 4.26493 0.192989
193.000 4.77097 0.0598905
194.000 5.1963 0.493057
195.000 5.8956 0.839467
196.000 6.34677 1.27748
197.000 7.16643 1.88432
198.000 6.90707 1.6426
199.000 6.00653 1.11159
200.000 5.12373 0.550638
201.000 4.27947 0.408225
202.000 4.34213 0.153267
203.000 4.4572 0.527005
204.000 3.76773 0.454413
205.000 3.54977 0.240024
206.000 3.38077 0.286443
207.000 3.08703 0.265966
208.000 2.70593 0.220471
209.000 2.49147 0.221087
210.000 2.29423 0.220009
211.000 2.0076 0.0533472
212.000 2.0324 0.00207846
213.000 2.16097 0.0107772
214.000 2.17697 0.125554
215.000 2.46797 0.155346
216.000 2.65157 0.290446
217.000 2.67017 0.386979
218.000 2.74903 0.368196
219.000 2.7296 0.207153
220.000 2.92323 0.054117
221.000 2.93677 0.173975
222.000 3.0273 0.372275
223.000 3.01997 0.507683
224.000 3.1942 0.60922
225.000 2.99777 0.630313
226.000 2.87783 0.607296
227.000 2.72503 0.527159
228.000 2.87803 0.35049
229.000 3.07167 0.363808
230.000 3.0476 0.506683
231.000 3.2108 0.351029
232.000 2.89307 0.164044
233.000 2.79173 0.107772
234.000 3.00237 0.200841
235.000 2.9997 0.372737
236.000 2.77977 0.399218
237.000 2.951 0.67319
238.000 3.16827 1.07172
239.000 2.88347 0.81468
240.000 2.7148 0.671112
