358.000 2.27863 0.203766
359.000 2.48863 0.592438
360.000 2.7978 0.984036
361.000 3.35623 1.55269
362.000 3.84713 2.08778
363.000 4.43703 2.54042
364.000 4.7124 2.64657
365.000 5.2342 3.18259
366.000 6.18567 3.74
367.000 7.02937 4.29518
368.000 8.0079 4.77884
369.000 8.95117 5.29977
370.000 9.7116 5.58298
371.000 10.0861 5.76996
372.000 10.7291 6.05248
373.000 11.2301 6.13862
374.000 11.5933 6.17534
375.000 11.0295 6.16148
376.000 10.3559 5.90545
377.000 9.46613 5.43271
378.000 9.166 5.21116
379.000 8.4076 4.70517
380.000 7.89697 4.44229
381.000 7.20203 3.93437
382.000 6.45043 3.57249
383.000 6.0535 3.13963
384.000 5.31223 2.6642
385.000 5.14573 2.3037
386.000 4.47823 1.76076
387.000 3.85827 1.08811
388.000 3.70677 0.944237
389.000 3.9286 0.935769
390.000 4.49823 1.7215
391.000 5.3598 2.32256
392.000 5.52053 2.28038
393.000 6.04037 2.77213
394.000 6.33037 2.98783
395.000 6.90643 3.4494
396.000 6.97007 3.45687
397.000 7.72733 3.68149
398.000 7.78027 3.40421
399.000 7.51117 3.18851
400.000 7.9225 3.55047
401.000 8.1681 3.79065
402.000 8.15557 4.07001
403.000 8.61407 4.51642
404.000 8.3539 4.61234
405.000 9.12753 5.04589
406.000 9.6406 5.34811
407.000 9.1694 5.30954
408.000 9.39603 5.61146
409.000 8.69743 5.30616
410.000 8.1256 4.88692
411.000 8.475 5.09269
412.000 8.4011 5.17029
413.000 7.57013 4.67292
414.000 7.3605 4.44075
415.000 7.81803 4.70871
416.000 7.4722 4.55806
417.000 6.6658 4.04214
418.000 6.8654 3.98464
419.000 7.3793 4.3195
420.000 6.93517 4.25984
421.000 6.40353 3.49351
422.000 6.0509 2.8341
423.000 5.56303 2.61386
424.000 5.16033 1.94944
425.000 5.0184 1.5309
426.000 4.78117 0.944468
427.000 5.02913 0.539784
428.000 5.0083 0.0999971
429.000 5.6544 0.147109
430.000 5.73793 0.0652791
431.000 5.2981 0.0877572
432.000 5.2146 0.506221
433.000 4.5891 0.360036
434.000 4.1724 0.4568
435.000 4.1616 0.558413
436.000 4.23943 0.695207
437.000 4.87317 1.5463
438.000 4.86913 1.6797
439.000 4.74507 2.05344
440.000 4.16293 1.99009
441.000 4.6328 2.57775
442.000 5.0024 2.74703
443.000 4.52343 2.32357
444.000 4.53317 2.53819
445.000 5.30107 3.12385
446.000 5.412 3.05857
447.000 5.1627 2.81146
448.000 5.66497 3.19152
449.000 6.334 3.52415
450.000 6.28837 3.23516
451.000 6.40817 3.28528
452.000 7.0893 3.79504
453.000 7.72653 4.12143
454.000 8.42527 4.65521
455.000 8.966 4.80494
456.000 8.99553 4.56461
457.000 8.56037 4.2259
458.000 8.63137 4.00997
459.000 8.0018 3.4036
460.000 8.4313 3.36595
461.000 8.38423 3.20414
462.000 7.58987 2.85758
463.000 6.9238 2.34797
464.000 6.14663 1.84714
465.000 6.15187 1.8546
466.000 6.62013 2.47067
467.000 6.3151 2.45143
468.000 5.91987 2.06591
469.000 6.3948 2.85257
470.000 7.00823 3.41453
471.000 7.22437 3.75547
472.000 7.09537 3.76633
473.000 7.65837 3.87071
474.000 8.3537 4.35438
475.000 8.34033 4.53366
476.000 8.3785 4.38417
477.000 9.2523 4.62204
478.000 9.6254 5.05597
479.000 9.2152 4.84489
480.000 9.40593 4.78747
481.000 9.2125 4.59617
482.000 9.7435 4.89616
483.000 9.57503 4.96575
484.000 9.32753 4.77245
485.000 9.40823 4.99323
486.000 8.91203 4.22328
487.000 8.36093 4.26739
488.000 8.17693 4.65583
489.000 8.38177 4.59217
490.000 9.0189 4.98969
491.000 8.6184 4.94443
492.000 7.93353 4.47408
493.000 8.14893 4.49925
494.000 8.16947 4.47208
495.000 8.811 4.73658
496.000 9.1062 4.96036
497.000 9.6432 5.20146
498.000 10.0214 5.45804
499.000 10.2871 5.42871
500.000 10.7402 5.39122
501.000 10.9956 4.7061
502.000 12.1859 4.24483
503.000 12.5875 4.51496
504.000 13.6669 4.42643
505.000 13.3118 4.71256
506.000 13.3186 5.47012
507.000 12.6538 6.39304
508.000 12.4701 6.59319
509.000 11.5135 6.43384
510.000 11.0906 6.3587
511.000 10.2759 5.89059
512.000 9.78293 5.6618
513.000 8.93453 5.06067
514.000 8.30023 4.81125
515.000 7.57677 4.4342
516.000 7.10093 4.31589
517.000 7.15897 4.45891
518.000 7.2675 4.86591
519.000 7.8586 5.3816
520.000 8.4235 5.47305
521.000 8.49447 5.48914
522.000 8.8342 5.85502
523.000 9.52357 6.22907
524.000 9.8869 6.18273
525.000 9.98637 6.25932
526.000 10.7848 6.60758
527.000 10.3367 6.31583
528.000 10.1665 6.13531
529.000 9.77487 5.88243
530.000 10.2711 5.95618
531.000 10.1859 6.10775
532.000 10.9474 6.50012
533.000 11.0787 6.54869
534.000 11.3589 6.70473
535.000 11.1518 6.62559
536.000 11.3389 6.78256
537.000 10.9712 6.66239
538.000 10.9722 7.00634
539.000 10.7721 7.09333
540.000 10.3974 6.84845
541.000 9.83307 6.45054
542.000 9.3238 6.13492
543.000 9.03593 5.97427
544.000 8.61463 5.72393
545.000 7.98617 5.27229
546.000 7.64777 4.95036
547.000 7.37953 4.83504
548.000 6.7683 4.52227
549.000 6.24237 4.0229
550.000 6.06957 3.84461
551.000 5.6951 3.69804
552.000 5.0822 3.30013
553.000 4.80723 2.81085
554.000 4.69897 2.67721
555.000 4.24087 2.389
556.000 3.6806 1.89971
557.000 3.5308 1.91611
558.000 3.72407 2.21903
559.000 4.20587 2.69915
560.000 4.56197 2.9675
561.000 5.41163 3.60159
562.000 6.06263 3.94453
563.000 6.99197 4.45522
564.000 7.7196 4.83889
565.000 8.5809 5.17906
566.000 9.6072 5.6996
567.000 10.3863 6.20359
568.000 11.0887 6.67463
569.000 11.6901 7.00896
570.000 11.7307 6.90596
571.000 12.0534 6.96577
572.000 12.465 6.96777
573.000 12.1048 6.64484
574.000 12.8761 6.86862
575.000 12.819 6.99217
576.000 12.1449 6.5771
577.000 11.87 6.35216
578.000 11.4281 5.80537
579.000 11.8889 5.85718
580.000 11.772 5.97265
581.000 11.1992 5.90876
582.000 11.7824 6.29089
583.000 11.631 6.46232
584.000 10.824 6.22407
585.000 10.9542 6.62467
586.000 11.5496 6.92266
587.000 11.0808 6.56925
588.000 10.4756 6.53091
589.000 11.0873 6.82805
590.000 10.9967 6.80988
591.000 10.3341 6.30605
592.000 9.73967 5.90529
593.000 9.16683 5.64194
594.000 8.43007 5.20947
595.000 7.51067 4.75452
596.000 6.5678 4.20565
597.000 5.66197 3.68757
598.000 4.83217 3.10745
599.000 4.11037 2.63634
600.000 3.37287 1.9128
601.000 2.9135 1.32814
602.000 2.57983 0.994505
603.000 2.22833 1.01529
