#Res        AtomicFlx
 358.000       2.4551
 359.000       3.0017
 360.000       3.6500
 361.000       4.7009
 362.000       5.6552
 363.000       6.6371
 364.000       7.0044
 365.000       7.9904
 366.000       9.4246
 367.000      10.7491
 368.000      12.1465
 369.000      13.5409
 370.000      14.5466
 371.000      15.0830
 372.000      15.9707
 373.000      16.5463
 374.000      16.9413
 375.000      16.3655
 376.000      15.4702
 377.000      14.1710
 378.000      13.6790
 379.000      12.4824
 380.000      11.7441
 381.000      10.6093
 382.000       9.5443
 383.000       8.7725
 384.000       7.6195
 385.000       7.1408
 386.000       6.0031
 387.000       4.8006
 388.000       4.5245
 389.000       4.7390
 390.000       5.9891
 391.000       7.3712
 392.000       7.4954
 393.000       8.4411
 394.000       8.9179
 395.000       9.8937
 396.000       9.9638
 397.000      10.9156
 398.000      10.7284
 399.000      10.2725
 400.000      10.9973
 401.000      11.4509
 402.000      11.6803
 403.000      12.5254
 404.000      12.3483
 405.000      13.4974
 406.000      14.2722
 407.000      13.7676
 408.000      14.2557
 409.000      13.2927
 410.000      12.3578
 411.000      12.8854
 412.000      12.8787
 413.000      11.6170
 414.000      11.2063
 415.000      11.8959
 416.000      11.4196
 417.000      10.1664
 418.000      10.3162
 419.000      11.1201
 420.000      10.6243
 421.000       9.4290
 422.000       8.5053
 423.000       7.8267
 424.000       6.8486
 425.000       6.3442
 426.000       5.5991
 427.000       5.4966
 428.000       5.0949
 429.000       5.7818
 430.000       5.6814
 431.000       5.3741
 432.000       5.6530
 433.000       4.9009
 434.000       4.5680
 435.000       4.6452
 436.000       4.8415
 437.000       6.2123
 438.000       6.3238
 439.000       6.5234
 440.000       5.8864
 441.000       6.8652
 442.000       7.3814
 443.000       6.5357
 444.000       6.7313
 445.000       8.0064
 446.000       8.0608
 447.000       7.5975
 448.000       8.4289
 449.000       9.3860
 450.000       9.0901
 451.000       9.2533
 452.000      10.3759
 453.000      11.2958
 454.000      12.4568
 455.000      13.1272
 456.000      12.9486
 457.000      12.2201
 458.000      12.1041
 459.000      10.9494
 460.000      11.3463
 461.000      11.1591
 462.000      10.0646
 463.000       8.9572
 464.000       7.7463
 465.000       7.7580
 466.000       8.7598
 467.000       8.4381
 468.000       7.7090
 469.000       8.8652
 470.000       9.9653
 471.000      10.4767
 472.000      10.3571
 473.000      11.0105
 474.000      12.1247
 475.000      12.2666
 476.000      12.1753
 477.000      13.2551
 478.000      14.0040
 479.000      13.4110
 480.000      13.5520
 481.000      13.1929
 482.000      13.9837
 483.000      13.8755
 484.000      13.4606
 485.000      13.7325
 486.000      12.5695
 487.000      12.0566
 488.000      12.2090
 489.000      12.3587
 490.000      13.3401
 491.000      12.9004
 492.000      11.8082
 493.000      12.0454
 494.000      12.0424
 495.000      12.9130
 496.000      13.4020
 497.000      14.1478
 498.000      14.7482
 499.000      14.9885
 500.000      15.4091
 501.000      15.0712
 502.000      15.8620
 503.000      16.4976
 504.000      17.5003
 505.000      17.3930
 506.000      18.0559
 507.000      18.1903
 508.000      18.1800
 509.000      17.0854
 510.000      16.5974
 511.000      15.3773
 512.000      14.6862
 513.000      13.3172
 514.000      12.4669
 515.000      11.4169
 516.000      10.8386
 517.000      11.0205
 518.000      11.4815
 519.000      12.5192
 520.000      13.1633
 521.000      13.2482
 522.000      13.9048
 523.000      14.9181
 524.000      15.2413
 525.000      15.4071
 526.000      16.5071
 527.000      15.8064
 528.000      15.4798
 529.000      14.8692
 530.000      15.4293
 531.000      15.4754
 532.000      16.5767
 533.000      16.7500
 534.000      17.1654
 535.000      16.8897
 536.000      17.2128
 537.000      16.7410
 538.000      17.0399
 539.000      16.9151
 540.000      16.3283
 541.000      15.4194
 542.000      14.6368
 543.000      14.2098
 544.000      13.5717
 545.000      12.5521
 546.000      11.9349
 547.000      11.5668
 548.000      10.6847
 549.000       9.7263
 550.000       9.3991
 551.000       8.8977
 552.000       7.9402
 553.000       7.2415
 554.000       7.0175
 555.000       6.3098
 556.000       5.3258
 557.000       5.1902
 558.000       5.6458
 559.000       6.5434
 560.000       7.1319
 561.000       8.5307
 562.000       9.4787
 563.000      10.8503
 564.000      11.9102
 565.000      13.0661
 566.000      14.5432
 567.000      15.7588
 568.000      16.8691
 569.000      17.7600
 570.000      17.7114
 571.000      18.0859
 572.000      18.4993
 573.000      17.8594
 574.000      18.8245
 575.000      18.8744
 576.000      17.8408
 577.000      17.3711
 578.000      16.4557
 579.000      16.9614
 580.000      16.9445
 581.000      16.3163
 582.000      17.2305
 583.000      17.2275
 584.000      16.2142
 585.000      16.6913
 586.000      17.5448
 587.000      16.7699
 588.000      16.1315
 589.000      17.0006
 590.000      16.8942
 591.000      15.7953
 592.000      14.8538
 593.000      14.0529
 594.000      12.9416
 595.000      11.6282
 596.000      10.2100
 597.000       8.8555
 598.000       7.5233
 599.000       6.3935
 600.000       5.0294
 601.000       4.0637
 602.000       3.4411
 603.000       3.1076
