#Res        AtomicFlx
 358.000       1.7209
 359.000       2.0807
 360.000       2.0985
 361.000       2.2250
 362.000       2.2840
 363.000       2.4020
 364.000       2.5739
 365.000       2.6497
 366.000       2.8445
 367.000       3.0521
 368.000       3.4084
 369.000       3.7126
 370.000       4.1262
 371.000       4.4719
 372.000       4.9662
 373.000       5.4224
 374.000       5.9582
 375.000       5.5958
 376.000       4.9848
 377.000       4.4411
 378.000       4.1852
 379.000       3.8287
 380.000       3.5068
 381.000       3.3361
 382.000       3.0793
 383.000       3.0438
 384.000       2.9182
 385.000       3.0239
 386.000       2.9636
 387.000       2.9353
 388.000       2.9413
 389.000       2.8821
 390.000       2.8193
 391.000       2.9265
 392.000       3.3772
 393.000       3.1945
 394.000       3.2239
 395.000       3.2561
 396.000       3.3950
 397.000       3.8077
 398.000       4.1279
 399.000       4.0899
 400.000       4.0012
 401.000       3.8916
 402.000       3.6573
 403.000       3.6165
 404.000       3.3533
 405.000       3.5470
 406.000       3.9014
 407.000       3.6586
 408.000       3.6659
 409.000       3.3917
 410.000       3.1025
 411.000       3.1155
 412.000       3.0944
 413.000       2.8410
 414.000       2.7131
 415.000       2.8267
 416.000       2.7608
 417.000       2.5340
 418.000       2.5599
 419.000       2.7502
 420.000       2.6951
 421.000       2.5818
 422.000       2.7068
 423.000       2.6408
 424.000       2.7398
 425.000       2.8663
 426.000       3.2977
 427.000       3.5649
 428.000       3.8602
 429.000       4.2775
 430.000       4.5874
 431.000       4.3620
 432.000       4.0471
 433.000       3.6429
 434.000       3.3335
 435.000       3.2247
 436.000       3.0595
 437.000       2.8861
 438.000       2.9143
 439.000       2.7405
 440.000       2.5804
 441.000       2.4964
 442.000       2.4811
 443.000       2.4379
 444.000       2.3540
 445.000       2.3246
 446.000       2.3700
 447.000       2.4396
 448.000       2.4766
 449.000       2.5786
 450.000       2.6771
 451.000       2.8063
 452.000       2.8909
 453.000       3.0149
 454.000       3.1300
 455.000       3.2782
 456.000       3.4071
 457.000       3.3798
 458.000       3.5910
 459.000       3.5354
 460.000       3.9348
 461.000       3.8631
 462.000       3.5717
 463.000       3.4895
 464.000       3.3741
 465.000       3.3057
 466.000       3.1484
 467.000       3.0081
 468.000       2.8492
 469.000       2.7577
 470.000       2.7799
 471.000       2.6955
 472.000       2.6448
 473.000       2.7880
 474.000       2.9397
 475.000       2.8872
 476.000       2.8908
 477.000       3.1302
 478.000       3.2383
 479.000       3.2081
 480.000       3.4059
 481.000       3.4902
 482.000       3.7381
 483.000       3.7310
 484.000       3.7559
 485.000       3.8323
 486.000       3.9129
 487.000       3.8464
 488.000       3.9574
 489.000       3.9996
 490.000       4.2328
 491.000       4.0094
 492.000       3.5630
 493.000       3.5381
 494.000       3.4069
 495.000       3.5207
 496.000       3.4791
 497.000       3.5979
 498.000       3.5865
 499.000       3.6216
 500.000       3.6631
 501.000       3.4846
 502.000       4.0125
 503.000       4.6917
 504.000       5.6884
 505.000       5.5891
 506.000       5.2780
 507.000       4.9100
 508.000       4.1566
 509.000       4.0896
 510.000       4.0400
 511.000       3.7846
 512.000       3.6531
 513.000       3.3522
 514.000       3.2458
 515.000       3.1163
 516.000       3.0702
 517.000       3.2264
 518.000       3.3188
 519.000       3.5853
 520.000       3.8108
 521.000       3.7443
 522.000       3.9644
 523.000       4.3813
 524.000       4.3358
 525.000       4.3377
 526.000       4.6322
 527.000       4.3405
 528.000       4.2396
 529.000       4.0103
 530.000       4.4399
 531.000       4.6592
 532.000       4.8259
 533.000       4.8616
 534.000       4.7519
 535.000       4.7198
 536.000       4.9464
 537.000       4.8658
 538.000       4.8311
 539.000       4.8595
 540.000       4.7169
 541.000       4.3369
 542.000       4.1402
 543.000       4.1618
 544.000       3.9282
 545.000       3.5561
 546.000       3.5393
 547.000       3.5713
 548.000       3.2936
 549.000       3.1034
 550.000       3.2433
 551.000       3.1784
 552.000       2.9098
 553.000       2.9814
 554.000       3.1331
 555.000       2.9362
 556.000       2.7966
 557.000       2.6873
 558.000       2.5961
 559.000       2.6141
 560.000       2.5459
 561.000       2.6574
 562.000       2.7112
 563.000       2.9241
 564.000       3.0906
 565.000       3.3480
 566.000       3.6984
 567.000       4.0090
 568.000       4.2450
 569.000       4.5668
 570.000       4.5978
 571.000       4.8549
 572.000       5.1696
 573.000       4.9764
 574.000       5.4868
 575.000       5.6816
 576.000       5.3954
 577.000       5.3046
 578.000       5.1647
 579.000       5.5009
 580.000       5.2587
 581.000       4.9138
 582.000       5.1933
 583.000       5.0745
 584.000       4.5768
 585.000       4.6151
 586.000       4.9772
 587.000       4.6882
 588.000       4.4378
 589.000       4.6349
 590.000       4.5795
 591.000       4.2258
 592.000       3.8932
 593.000       3.7105
 594.000       3.3851
 595.000       3.0996
 596.000       2.8443
 597.000       2.6284
 598.000       2.4812
 599.000       2.3805
 600.000       2.3316
 601.000       2.1470
 602.000       1.8619
 603.000       1.5779
