4.000 3.57497 0.0609915
5.000 3.8601 0.344563
6.000 3.8789 0.463373
7.000 3.61367 0.369546
8.000 3.74213 0.40634
9.000 4.05383 0.518685
10.000 3.92927 0.509593
11.000 3.8924 0.551947
12.000 3.72253 0.582968
13.000 3.86057 0.611481
14.000 3.83617 0.506165
15.000 3.56413 0.447623
16.000 3.56313 0.494999
17.000 3.7698 0.466852
18.000 3.68477 0.354574
19.000 3.52823 0.394239
20.000 3.66143 0.453175
21.000 3.569 0.511711
22.000 3.632 0.530056
23.000 3.6627 0.45384
24.000 3.5861 0.434161
25.000 3.4231 0.472716
26.000 3.3163 0.473111
27.000 3.28567 0.467812
28.000 3.50347 0.505709
29.000 3.54013 0.480933
30.000 3.68073 0.479045
31.000 3.49257 0.459355
32.000 3.25507 0.438382
33.000 3.41337 0.434107
34.000 3.53703 0.406013
35.000 3.3194 0.352362
36.000 3.26047 0.328822
37.000 3.52017 0.3267
38.000 3.56653 0.237469
39.000 3.28677 0.162558
40.000 3.0954 0.19253
41.000 2.85973 0.19233
42.000 2.59747 0.14055
43.000 2.6259 0.1566
44.000 2.63243 0.0788366
45.000 2.73637 0.103363
46.000 2.60173 0.183458
47.000 2.30797 0.25857
48.000 2.20677 0.226619
49.000 1.94113 0.463363
50.000 1.68843 0.420322
126.000 1.68167 0.124185
127.000 1.96407 0.285687
128.000 2.0462 0.248146
129.000 2.26497 0.245762
130.000 2.40393 0.303538
131.000 2.54247 0.311928
132.000 2.67993 0.37952
133.000 2.8999 0.428579
134.000 3.12043 0.459268
135.000 3.42217 0.501858
136.000 3.7998 0.56848
137.000 3.68987 0.291249
138.000 4.0935 0.71034
139.000 3.62777 0.547367
140.000 3.2314 0.383863
141.000 2.90067 0.157909
142.000 2.6201 0.287652
143.000 2.4462 0.355042
144.000 2.34287 0.383918
145.000 2.28973 0.312588
146.000 2.4114 0.33912
147.000 2.5596 0.378736
148.000 2.59427 0.356308
149.000 2.7924 0.385877
150.000 2.9871 0.39986
151.000 3.0323 0.448124
152.000 2.85953 0.435278
153.000 2.80887 0.410546
154.000 2.7054 0.348513
155.000 2.617 0.291797
156.000 2.64 0.206363
157.000 2.5681 0.168966
158.000 2.55137 0.162463
159.000 2.3121 0.120368
160.000 2.27697 0.123719
161.000 2.22503 0.15002
162.000 2.33273 0.215692
163.000 2.37997 0.274001
164.000 2.5684 0.34132
165.000 2.76557 0.326769
166.000 2.88233 0.365622
167.000 3.06433 0.396076
168.000 3.21247 0.394168
169.000 3.34023 0.405803
170.000 3.2644 0.342997
171.000 3.3587 0.235928
172.000 3.35803 0.176486
173.000 3.4717 0.127492
174.000 3.6954 0.117578
175.000 3.44257 0.0931424
176.000 3.2447 0.0764952
177.000 3.02553 0.0720409
178.000 2.95157 0.190501
179.000 2.76803 0.39532
180.000 3.06917 0.77495
181.000 2.98397 0.791018
182.000 3.0181 0.720972
183.000 3.43017 0.846087
184.000 3.8075 0.9863
185.000 3.7951 0.992656
186.000 3.5541 0.44829
187.000 3.4815 0.423296
188.000 3.4948 0.231313
189.000 3.42813 0.161291
190.000 3.34023 0.160841
191.000 3.49513 0.0882113
192.000 3.42063 0.141298
193.000 3.5372 0.25899
194.000 3.6265 0.339181
195.000 3.86493 0.398365
196.000 4.1366 0.578566
197.000 4.45587 0.759328
198.000 5.1741 1.01577
199.000 5.1441 1.21533
200.000 5.25507 1.43147
201.000 5.15413 1.11721
202.000 4.9059 1.45575
203.000 4.42913 0.942295
204.000 4.2533 1.29665
205.000 4.07737 0.529746
206.000 3.9728 0.139694
207.000 3.593 0.177088
208.000 3.53637 0.274539
209.000 3.36013 0.357016
210.000 3.15873 0.307316
211.000 2.8994 0.32163
212.000 2.74073 0.2911
213.000 2.57503 0.258375
214.000 2.37643 0.193503
215.000 2.3981 0.163569
216.000 2.47353 0.128061
217.000 2.54673 0.123303
218.000 2.78283 0.0895826
219.000 2.94147 0.0998607
220.000 2.94767 0.129829
221.000 2.97787 0.175897
222.000 2.88217 0.244685
223.000 2.96217 0.35186
224.000 2.89363 0.389913
225.000 2.93997 0.422908
226.000 2.90283 0.386267
227.000 3.0204 0.319058
228.000 2.87847 0.267451
229.000 2.79743 0.209951
230.000 2.72357 0.13554
231.000 2.90307 0.127983
232.000 3.02353 0.0561743
233.000 2.90647 0.0560282
234.000 2.9642 0.150947
235.000 2.77863 0.192182
236.000 2.94807 0.399119
237.000 3.1185 0.43479
238.000 3.13543 0.636986
239.000 3.20473 0.976607
240.000 3.51703 1.2609
241.000 3.73413 1.43424
242.000 3.73053 1.63312
243.000 3.666 1.63864
