#Res        AtomicFlx
 345.000       0.9186
 346.000       1.0149
 347.000       1.0452
 348.000       1.1019
 349.000       1.1642
 350.000       1.2492
 351.000       1.3130
 352.000       1.4474
 353.000       1.4353
 354.000       1.4745
 355.000       1.3078
 618.000       1.0507
 619.000       1.0561
 620.000       1.1151
 621.000       1.1726
 622.000       1.2240
 623.000       1.3756
 624.000       1.6166
 625.000       1.8851
 626.000       2.1782
 627.000       2.1053
 628.000       2.0573
 629.000       1.9885
 630.000       2.0585
 631.000       1.9403
 632.000       1.7629
 633.000       1.7924
 634.000       1.8202
 635.000       1.6447
 636.000       1.5700
 637.000       1.7388
 638.000       1.7422
 639.000       1.5704
 640.000       1.6363
 641.000       1.5851
 642.000       1.6954
 643.000       1.8931
 644.000       2.1695
 645.000       2.3369
 646.000       2.0716
 647.000       2.0544
 648.000       1.9085
 649.000       1.9083
 650.000       1.8754
 651.000       1.6982
 652.000       1.7664
 653.000       1.7796
 654.000       1.8835
 655.000       1.9545
 656.000       2.1351
 657.000       2.0611
 658.000       1.9392
 659.000       2.1060
 660.000       2.2378
 661.000       2.1167
 662.000       2.1063
 663.000       1.9605
 664.000       1.9674
 665.000       1.9069
 666.000       1.6989
 667.000       1.6261
 668.000       1.7003
 669.000       1.6308
 670.000       1.4098
 671.000       1.4485
 672.000       1.5167
 673.000       1.4614
 674.000       1.3839
 675.000       1.4842
 676.000       1.5820
 677.000       1.7836
 678.000       1.8346
 679.000       1.6978
 680.000       1.7205
 681.000       1.7438
 682.000       1.7361
 683.000       1.5703
 684.000       1.4317
 685.000       1.3904
 686.000       1.4107
 687.000       1.3072
 688.000       1.1953
 689.000       1.3215
 690.000       1.3598
 691.000       1.2338
 692.000       1.2714
 693.000       1.4778
 694.000       1.3571
 695.000       1.2576
 696.000       1.1327
 697.000       1.0202
 698.000       1.0761
 699.000       1.0627
 700.000       1.1027
 701.000       1.1491
 702.000       1.2065
 703.000       1.3270
 704.000       1.3997
 705.000       1.4509
 706.000       1.4537
 707.000       1.3742
 708.000       1.3880
 709.000       1.4056
 710.000       1.2914
 711.000       1.1700
 712.000       1.2593
 713.000       1.2759
 714.000       1.1442
 715.000       1.1098
 716.000       1.0409
 717.000       1.0678
 718.000       1.0924
 719.000       1.1206
 720.000       1.2713
 721.000       1.4928
 722.000       1.6298
 723.000       1.4642
 724.000       1.3809
 725.000       1.3769
 726.000       1.3557
 727.000       1.2660
 728.000       1.2834
 729.000       1.2641
 730.000       1.2328
 731.000       1.1626
 732.000       1.0612
 733.000       1.0352
 734.000       1.0415
 735.000       1.1175
 736.000       1.3638
 737.000       1.4715
 738.000       1.5934
 739.000       1.2115
