358.000 1.8223 0.69113
359.000 2.1134 0.78157
360.000 2.21873 0.888076
361.000 2.38677 1.12435
362.000 2.53593 1.29744
363.000 2.81333 1.57118
364.000 3.05367 1.75204
365.000 3.19277 1.92054
366.000 3.553 2.19238
367.000 3.84197 2.39858
368.000 4.3297 2.70732
369.000 4.8319 3.11591
370.000 5.43437 3.5864
371.000 5.7197 3.81681
372.000 6.2027 4.15339
373.000 6.6561 4.04799
374.000 7.12553 4.16339
375.000 6.76763 4.28724
376.000 6.1427 4.11574
377.000 5.48087 3.70794
378.000 5.22333 3.49711
379.000 4.77513 3.10567
380.000 4.45477 2.80966
381.000 4.23337 2.64102
382.000 3.8643 2.38847
383.000 3.8135 2.25326
384.000 3.53977 2.05355
385.000 3.6384 2.05341
386.000 3.4532 1.84204
387.000 3.20893 1.38342
388.000 3.30497 1.51703
389.000 3.40433 1.71902
390.000 3.54397 2.19765
391.000 3.84683 2.43052
392.000 4.0883 2.42813
393.000 4.18783 2.38683
394.000 4.17657 2.35443
395.000 4.3265 2.53148
396.000 4.39407 2.58165
397.000 4.92693 2.8991
398.000 5.2013 2.9987
399.000 5.13733 2.90562
400.000 5.19063 2.97226
401.000 5.22013 2.98429
402.000 4.9935 2.92351
403.000 5.06763 2.9811
404.000 4.72603 2.81994
405.000 5.07597 2.91534
406.000 5.36803 3.01418
407.000 4.99267 2.83901
408.000 4.95493 2.75603
409.000 4.5412 2.54649
410.000 4.2941 2.4825
411.000 4.41483 2.50095
412.000 4.26203 2.34321
413.000 3.8661 2.1878
414.000 3.84693 2.22943
415.000 4.00273 2.20668
416.000 3.76167 2.05173
417.000 3.49073 1.98825
418.000 3.6877 2.10946
419.000 3.8731 2.05577
420.000 3.59167 1.84694
421.000 3.54823 1.89644
422.000 3.66227 1.88397
423.000 3.51337 1.93372
424.000 3.5975 2.09895
425.000 3.8459 2.32323
426.000 4.1309 2.38488
427.000 4.46357 2.65096
428.000 4.66927 2.53723
429.000 5.19513 2.77738
430.000 5.36927 2.48565
431.000 4.96363 2.16683
432.000 4.71503 2.38704
433.000 4.24043 2.29952
434.000 3.88257 2.06842
435.000 3.78143 1.99987
436.000 3.56997 1.80519
437.000 3.54963 1.80378
438.000 3.3954 1.56201
439.000 3.0835 1.43355
440.000 2.80883 1.29835
441.000 2.82217 1.36215
442.000 3.0074 1.58206
443.000 2.97853 1.61891
444.000 2.88103 1.62881
445.000 3.07757 1.81702
446.000 3.26583 1.99634
447.000 3.26547 2.04739
448.000 3.3891 2.09071
449.000 3.69913 2.28462
450.000 3.8816 2.46569
451.000 3.96167 2.47618
452.000 4.1645 2.56574
453.000 4.49357 2.75854
454.000 4.6869 2.85412
455.000 5.04697 3.09787
456.000 5.24053 3.28938
457.000 5.187 3.30853
458.000 5.4468 3.55067
459.000 5.26753 3.46445
460.000 5.72793 3.77395
461.000 5.8027 3.96778
462.000 5.38933 3.73162
463.000 5.15277 3.55288
464.000 4.77437 3.15537
465.000 4.74247 3.16792
466.000 4.7964 3.3625
467.000 4.53363 3.15902
468.000 4.1682 2.8197
469.000 4.19863 2.79249
470.000 4.42463 2.93555
471.000 4.2553 2.709
472.000 4.13207 2.55599
473.000 4.49373 2.80811
474.000 4.71707 2.82083
475.000 4.53663 2.56868
476.000 4.62807 2.64407
477.000 5.03943 2.88746
478.000 5.09783 2.7305
479.000 4.8661 2.49811
480.000 4.98727 2.38997
481.000 4.93933 2.28566
482.000 5.20583 2.3468
483.000 5.03287 2.20962
484.000 4.92847 2.22099
485.000 4.8978 2.31487
486.000 4.94793 2.47776
487.000 4.82457 2.43039
488.000 4.8646 2.41139
489.000 5.07277 2.90598
490.000 5.23043 2.8269
491.000 4.8113 2.37962
492.000 4.47383 2.59319
493.000 4.4428 2.43434
494.000 4.31977 2.27624
495.000 4.49487 2.13085
496.000 4.56243 2.04042
497.000 4.8693 2.13735
498.000 5.021 2.24251
499.000 5.26583 2.43196
500.000 5.52907 2.63142
501.000 5.60923 2.90509
502.000 6.1527 3.01849
503.000 6.5369 2.62401
504.000 7.30163 2.0536
505.000 7.15573 2.11307
506.000 6.9896 2.38634
507.000 6.50067 2.54695
508.000 6.0912 2.59359
509.000 5.6733 2.41894
510.000 5.454 2.29769
511.000 5.05343 2.20599
512.000 4.76127 2.15158
513.000 4.345 2.10827
514.000 4.08323 2.0762
515.000 3.82287 1.89406
516.000 3.6407 1.83685
517.000 3.7582 1.91257
518.000 3.91143 2.18477
519.000 4.365 2.41384
520.000 4.5036 2.31625
521.000 4.38107 2.26814
522.000 4.61503 2.53669
523.000 5.03993 2.6734
524.000 5.09937 2.66638
525.000 5.09537 2.7338
526.000 5.4195 2.82828
527.000 5.1514 2.71662
528.000 5.12197 2.75026
529.000 4.96577 2.6493
530.000 5.37327 2.78417
531.000 5.46237 2.69714
532.000 5.72347 2.57431
533.000 5.71183 2.67339
534.000 5.7048 2.80124
535.000 5.6396 3.00606
536.000 5.8181 3.18807
537.000 5.74707 3.36855
538.000 5.8986 4.01748
539.000 6.01207 4.42835
540.000 5.96067 4.66828
541.000 5.4967 4.06967
542.000 5.16703 3.66869
543.000 5.2173 4.00482
544.000 5.03463 3.94075
545.000 4.5133 3.28478
546.000 4.38967 3.11692
547.000 4.4753 3.46071
548.000 4.11783 3.12918
549.000 3.7389 2.46004
550.000 3.88027 2.60943
551.000 3.8669 2.83002
552.000 3.456 2.22762
553.000 3.34843 1.61696
554.000 3.5554 1.88587
555.000 3.29083 1.98477
556.000 3.05653 1.93651
557.000 2.85317 1.73958
558.000 2.87467 1.60288
559.000 2.8986 1.54446
560.000 2.83843 1.46311
561.000 3.07153 1.73534
562.000 3.2026 1.79201
563.000 3.54333 1.96449
564.000 3.84057 2.1425
565.000 4.2108 2.18915
566.000 4.62833 2.20371
567.000 4.9872 2.16088
568.000 5.2932 2.21174
569.000 5.5995 2.25892
570.000 5.68773 2.26234
571.000 5.93333 2.32703
572.000 6.292 2.34868
573.000 6.2568 2.47134
574.000 6.7702 2.61839
575.000 6.7946 2.47316
576.000 6.4873 2.46628
577.000 6.41963 2.71563
578.000 6.28137 2.9762
579.000 6.68257 3.33
580.000 6.4338 3.33724
581.000 6.12123 3.23557
582.000 6.33363 3.23979
583.000 6.04933 2.73426
584.000 5.5591 2.58723
585.000 5.54817 2.67331
586.000 5.8192 2.50169
587.000 5.53767 2.32408
588.000 5.22427 2.39225
589.000 5.46533 2.50986
590.000 5.3688 2.49796
591.000 5.05893 2.48979
592.000 4.7668 2.40823
593.000 4.5638 2.4891
594.000 4.24343 2.40834
595.000 3.84167 2.22955
596.000 3.49457 2.12896
597.000 3.1221 1.83521
598.000 2.9119 1.66461
599.000 2.65477 1.34162
600.000 2.47507 1.10774
601.000 2.20843 0.913114
602.000 1.9835 0.82632
603.000 1.74623 0.634222
