#Res        AtomicFlx
 345.000       0.8847
 346.000       0.9869
 347.000       0.9519
 348.000       0.9615
 349.000       0.9996
 350.000       1.0502
 351.000       1.1387
 352.000       1.1984
 353.000       1.2233
 354.000       1.1887
 355.000       1.1521
 618.000       1.2080
 619.000       1.0664
 620.000       1.0762
 621.000       1.0797
 622.000       1.0412
 623.000       1.1574
 624.000       1.2027
 625.000       1.3560
 626.000       1.5692
 627.000       1.5725
 628.000       1.6905
 629.000       1.6873
 630.000       1.7804
 631.000       1.6482
 632.000       1.4685
 633.000       1.5219
 634.000       1.5787
 635.000       1.4585
 636.000       1.4358
 637.000       1.5384
 638.000       1.5469
 639.000       1.5341
 640.000       1.5195
 641.000       1.4929
 642.000       1.5401
 643.000       1.6911
 644.000       1.9427
 645.000       2.0765
 646.000       1.8951
 647.000       1.8937
 648.000       1.8319
 649.000       1.9738
 650.000       1.7880
 651.000       1.5166
 652.000       1.5742
 653.000       1.5690
 654.000       1.6343
 655.000       1.6859
 656.000       1.8139
 657.000       1.7780
 658.000       1.7429
 659.000       1.8979
 660.000       1.9798
 661.000       1.9184
 662.000       1.9627
 663.000       1.9225
 664.000       1.9192
 665.000       1.8225
 666.000       1.6568
 667.000       1.6729
 668.000       1.7183
 669.000       1.5483
 670.000       1.4707
 671.000       1.5614
 672.000       1.5461
 673.000       1.3813
 674.000       1.2548
 675.000       1.3443
 676.000       1.3738
 677.000       1.4796
 678.000       1.5306
 679.000       1.4809
 680.000       1.5671
 681.000       1.6019
 682.000       1.6528
 683.000       1.5027
 684.000       1.3676
 685.000       1.4253
 686.000       1.4613
 687.000       1.3064
 688.000       1.2336
 689.000       1.4331
 690.000       1.4452
 691.000       1.3153
 692.000       1.4201
 693.000       1.5510
 694.000       1.4756
 695.000       1.3859
 696.000       1.2051
 697.000       1.0064
 698.000       0.9662
 699.000       0.9325
 700.000       0.9178
 701.000       0.9812
 702.000       1.0034
 703.000       1.0555
 704.000       1.1499
 705.000       1.2710
 706.000       1.3426
 707.000       1.2224
 708.000       1.2142
 709.000       1.2329
 710.000       1.1549
 711.000       1.0915
 712.000       1.2039
 713.000       1.1936
 714.000       1.0676
 715.000       0.9623
 716.000       0.8762
 717.000       0.8808
 718.000       0.8681
 719.000       0.8884
 720.000       0.9690
 721.000       1.0593
 722.000       1.1514
 723.000       1.0968
 724.000       1.1091
 725.000       1.1165
 726.000       1.1257
 727.000       1.0174
 728.000       1.0036
 729.000       1.0895
 730.000       1.0207
 731.000       0.9670
 732.000       0.8487
 733.000       0.8612
 734.000       0.8009
 735.000       0.8446
 736.000       0.9096
 737.000       0.9405
 738.000       1.1624
 739.000       1.0656
