#Res        AtomicFlx
   1.000       2.7364
   2.000       2.8661
   3.000       2.7575
   4.000       2.5760
   5.000       2.6012
   6.000       2.8481
   7.000       2.8402
   8.000       2.9017
   9.000       2.8800
  10.000       3.1447
  11.000       3.0971
  12.000       2.8702
  13.000       3.0363
  14.000       3.2976
  15.000       3.1914
  16.000       3.1473
  17.000       3.3712
  18.000       3.2036
  19.000       3.2162
  20.000       3.1269
  21.000       3.1304
  22.000       3.0887
  23.000       2.9760
  24.000       2.9124
  25.000       3.1257
  26.000       3.2091
  27.000       3.3320
  28.000       3.1261
  29.000       2.8945
  30.000       3.0452
  31.000       3.1329
  32.000       2.8540
  33.000       2.7816
  34.000       3.0449
  35.000       3.0099
  36.000       2.6529
  37.000       2.5003
  38.000       2.2145
  39.000       1.9205
  40.000       2.0364
  41.000       2.2698
  42.000       3.1230
  43.000       2.5782
  44.000       2.4605
  45.000       2.3937
  46.000       2.2765
  47.000       1.5756
 123.000       1.6024
 124.000       1.7338
 125.000       1.7720
 126.000       1.7705
 127.000       1.9127
 128.000       2.0810
 129.000       2.2586
 130.000       2.4908
 131.000       2.7658
 132.000       3.2014
 133.000       3.3511
 134.000       3.2461
 135.000       3.3622
 136.000       3.0697
 137.000       2.6900
 138.000       2.3408
 139.000       2.1181
 140.000       1.9035
 141.000       1.7974
 142.000       1.7005
 143.000       1.8735
 144.000       2.0678
 145.000       2.0398
 146.000       2.2308
 147.000       2.4281
 148.000       2.5192
 149.000       2.3592
 150.000       2.3356
 151.000       2.1828
 152.000       2.0926
 153.000       1.9521
 154.000       1.8146
 155.000       1.7686
 156.000       1.5748
 157.000       1.5366
 158.000       1.5395
 159.000       1.5872
 160.000       1.6901
 161.000       1.8082
 162.000       1.9789
 163.000       2.0330
 164.000       2.2250
 165.000       2.3308
 166.000       2.5292
 167.000       2.4251
 168.000       2.4744
 169.000       2.5094
 170.000       2.4685
 171.000       2.5437
 172.000       2.3208
 173.000       2.1531
 174.000       1.9904
 175.000       1.9145
 176.000       1.9104
 177.000       2.3701
 178.000       2.5016
 179.000       2.6665
 180.000       3.0020
 181.000       3.2776
 182.000       3.1722
 183.000       2.8965
 184.000       2.9005
 185.000       2.6293
 186.000       2.3807
 187.000       2.2045
 188.000       2.3171
 189.000       2.2681
 190.000       2.4388
 191.000       2.6185
 192.000       2.7693
 193.000       2.9290
 194.000       2.9259
 195.000       3.2044
 196.000       3.1552
 197.000       3.2398
 198.000       3.1538
 199.000       2.8404
 200.000       2.7149
 201.000       2.4860
 202.000       2.5279
 203.000       2.5523
 204.000       2.3264
 205.000       2.2796
 206.000       2.2426
 207.000       2.0845
 208.000       1.9462
 209.000       1.8588
 210.000       1.7578
 211.000       1.6047
 212.000       1.5841
 213.000       1.6304
 214.000       1.7156
 215.000       1.8864
 216.000       1.9999
 217.000       2.0869
 218.000       2.1819
 219.000       2.1737
 220.000       2.2394
 221.000       2.2444
 222.000       2.2626
 223.000       2.2583
 224.000       2.3415
 225.000       2.1563
 226.000       2.0920
 227.000       2.0485
 228.000       2.2881
 229.000       2.3566
 230.000       2.2336
 231.000       2.3090
 232.000       2.4386
 233.000       2.6763
 234.000       2.8933
 235.000       2.6955
 236.000       2.3395
 237.000       2.5132
 238.000       2.7698
 239.000       2.6666
 240.000       2.5483
