#Res        AtomicFlx
 345.000       1.2734
 346.000       1.4213
 347.000       1.4253
 348.000       1.4352
 349.000       1.4987
 350.000       1.6633
 351.000       1.7818
 352.000       1.8391
 353.000       1.9154
 354.000       1.8474
 355.000       1.5906
 618.000       1.4679
 619.000       1.3885
 620.000       1.4816
 621.000       1.5510
 622.000       1.6565
 623.000       1.9228
 624.000       2.0732
 625.000       2.2447
 626.000       2.5282
 627.000       2.5170
 628.000       2.5830
 629.000       2.5419
 630.000       2.6485
 631.000       2.4995
 632.000       2.2551
 633.000       2.3159
 634.000       2.3766
 635.000       2.1304
 636.000       2.0309
 637.000       2.2254
 638.000       2.1886
 639.000       1.9398
 640.000       1.9901
 641.000       2.0146
 642.000       2.2392
 643.000       2.5326
 644.000       3.0560
 645.000       3.2965
 646.000       2.9270
 647.000       2.8245
 648.000       2.5451
 649.000       2.7076
 650.000       2.6751
 651.000       2.3925
 652.000       2.4917
 653.000       2.5219
 654.000       2.6810
 655.000       2.6932
 656.000       2.9749
 657.000       3.0119
 658.000       2.8688
 659.000       3.0809
 660.000       3.3400
 661.000       3.2188
 662.000       3.2721
 663.000       3.1519
 664.000       3.1417
 665.000       3.0147
 666.000       2.7703
 667.000       2.6797
 668.000       2.7299
 669.000       2.6070
 670.000       2.4063
 671.000       2.4177
 672.000       2.4223
 673.000       2.2421
 674.000       2.0535
 675.000       2.1748
 676.000       2.2025
 677.000       2.4117
 678.000       2.6108
 679.000       2.6212
 680.000       2.7969
 681.000       3.2372
 682.000       2.8265
 683.000       2.5135
 684.000       2.2018
 685.000       2.2358
 686.000       2.3238
 687.000       2.1536
 688.000       2.0576
 689.000       2.2620
 690.000       2.2846
 691.000       2.1034
 692.000       2.2131
 693.000       2.4834
 694.000       2.3242
 695.000       2.1259
 696.000       2.0837
 697.000       1.5460
 698.000       1.4943
 699.000       1.4213
 700.000       1.4456
 701.000       1.5732
 702.000       1.6473
 703.000       1.8608
 704.000       2.0865
 705.000       2.3560
 706.000       2.3611
 707.000       2.0810
 708.000       2.0950
 709.000       2.1753
 710.000       1.9659
 711.000       1.7830
 712.000       1.9356
 713.000       1.9530
 714.000       1.7269
 715.000       1.5169
 716.000       1.3588
 717.000       1.3573
 718.000       1.3639
 719.000       1.4165
 720.000       1.5434
 721.000       1.6852
 722.000       1.9222
 723.000       1.9225
 724.000       2.0225
 725.000       2.1181
 726.000       2.1205
 727.000       1.8514
 728.000       1.7518
 729.000       1.9098
 730.000       1.8258
 731.000       1.5434
 732.000       1.2899
 733.000       1.2417
 734.000       1.2368
 735.000       1.3144
 736.000       1.5019
 737.000       1.5049
 738.000       1.4584
 739.000       1.2729
