361.000 2.28077 0.149662
362.000 2.5029 0.150141
363.000 2.7749 0.319145
364.000 3.08003 0.259512
365.000 3.43573 0.332476
366.000 3.79893 0.40005
367.000 4.09093 0.492531
368.000 4.25267 0.495549
369.000 4.599 0.534524
370.000 4.84063 0.547024
371.000 5.27083 0.619933
372.000 5.70703 0.72264
373.000 6.18603 0.835501
374.000 6.37403 0.90487
375.000 6.7249 0.970236
376.000 6.9261 0.755089
377.000 6.816 0.654696
378.000 6.5716 0.85292
379.000 6.4889 0.842017
380.000 6.1201 0.867365
381.000 5.96383 0.777512
382.000 5.6717 0.733233
383.000 5.4076 0.695274
384.000 5.22117 0.671797
385.000 4.87377 0.594777
386.000 4.75427 0.569492
387.000 4.45523 0.520622
388.000 4.50483 0.538333
389.000 4.29017 0.685541
390.000 3.86683 0.806991
391.000 3.91843 0.66002
392.000 3.9731 0.55822
393.000 4.1063 0.450745
394.000 4.36267 0.424823
395.000 4.54407 0.404583
396.000 4.77507 0.43849
397.000 4.88413 0.47702
398.000 5.07793 0.575154
399.000 5.18777 0.644344
400.000 5.63513 0.747549
401.000 5.81157 0.798155
402.000 5.6956 0.735976
403.000 5.75187 0.72122
404.000 5.76517 0.68839
405.000 5.6451 0.652074
406.000 5.7632 0.650059
407.000 5.5299 0.596827
408.000 5.8017 0.648874
409.000 6.07217 0.706156
410.000 5.79343 0.653154
411.000 5.76767 0.627189
412.000 5.43107 0.58048
413.000 5.1916 0.548561
414.000 5.2545 0.552965
415.000 5.12263 0.508483
416.000 4.8052 0.440129
417.000 4.72513 0.431359
418.000 4.7984 0.43702
419.000 4.56867 0.379108
420.000 4.31347 0.341252
421.000 4.37033 0.375845
422.000 4.44343 0.346295
423.000 4.15617 0.32459
424.000 4.02217 0.31991
425.000 3.977 0.353329
426.000 3.828 0.391396
427.000 3.799 0.449103
428.000 3.92367 0.403838
429.000 3.9996 0.425432
430.000 4.26583 0.545103
431.000 4.34337 0.577549
432.000 4.7664 0.69899
433.000 4.80777 0.664923
434.000 4.5508 0.526172
435.000 4.5242 0.540755
436.000 4.1496 0.447366
437.000 3.8628 0.366655
438.000 3.68703 0.347051
439.000 3.511 0.29067
440.000 3.64963 0.426806
441.000 3.43773 0.183525
442.000 3.32187 0.0938346
443.000 3.24867 0.0819697
444.000 3.4126 0.0764854
445.000 3.56537 0.166175
446.000 3.55213 0.23552
447.000 3.67253 0.226208
448.000 3.91277 0.261255
449.000 3.96957 0.344462
450.000 4.02127 0.356078
451.000 4.24803 0.37715
452.000 4.4862 0.411321
453.000 4.56573 0.422737
454.000 4.69753 0.464095
455.000 4.952 0.497056
456.000 5.18327 0.528736
457.000 5.42077 0.587061
458.000 5.62567 0.694471
459.000 5.7516 0.692351
460.000 5.65857 0.627679
461.000 5.85717 0.772067
462.000 5.77827 0.966418
463.000 6.06233 0.983337
464.000 6.1254 1.07814
465.000 5.66007 0.973704
466.000 5.297 0.864557
467.000 4.83243 0.672226
468.000 4.77683 0.656993
469.000 4.97993 0.714554
470.000 4.77693 0.608311
471.000 4.36367 0.409906
472.000 4.54033 0.443082
473.000 4.8873 0.477203
474.000 4.84867 0.452809
475.000 4.7008 0.42441
476.000 4.92353 0.480512
477.000 5.20283 0.528301
478.000 5.1151 0.492883
479.000 5.09423 0.472155
480.000 5.433 0.596231
481.000 5.57007 0.591439
482.000 5.3516 0.519053
483.000 5.3235 0.486226
484.000 5.1413 0.41786
485.000 5.261 0.389531
486.000 5.00387 0.328569
487.000 4.75393 0.3009
488.000 4.61553 0.293091
489.000 4.39773 0.27222
490.000 4.1459 0.223306
491.000 4.15703 0.209886
492.000 4.10077 0.174835
493.000 4.3768 0.197887
494.000 4.3749 0.223055
495.000 4.08743 0.196444
496.000 4.17793 0.21988
497.000 4.30727 0.252145
498.000 4.5707 0.292035
499.000 4.8162 0.330371
500.000 5.1275 0.359726
501.000 5.4319 0.402361
502.000 5.6485 0.467074
503.000 5.9063 0.502118
504.000 5.99653 0.558904
505.000 6.50123 1.16708
506.000 7.1381 1.734
507.000 7.58253 1.94199
508.000 7.70743 1.89555
509.000 7.0928 1.33525
510.000 6.5479 1.08574
511.000 6.35847 0.740742
512.000 6.3002 0.46414
513.000 6.0163 0.482498
514.000 5.53673 0.410108
515.000 5.21223 0.385232
516.000 4.81907 0.348182
517.000 4.56923 0.334478
518.000 4.21083 0.265612
519.000 4.02503 0.284813
520.000 4.0301 0.324767
521.000 4.2821 0.394824
522.000 4.46707 0.326224
523.000 4.59557 0.317505
524.000 4.67397 0.389693
525.000 4.9204 0.475908
526.000 5.1235 0.429413
527.000 5.2535 0.396232
528.000 5.459 0.451806
529.000 5.87227 0.495019
530.000 5.76107 0.516525
531.000 5.82157 0.569898
532.000 5.7463 0.58729
533.000 6.0481 0.620015
534.000 6.05613 0.66098
535.000 6.27493 0.640058
536.000 6.28647 0.614725
537.000 6.31353 0.614087
538.000 6.28403 0.638338
539.000 6.37947 0.659773
540.000 6.17933 0.704308
541.000 6.26273 0.990718
542.000 6.26143 1.25394
543.000 6.31523 1.34197
544.000 5.97967 1.09245
545.000 5.60527 1.03196
546.000 5.63157 1.20988
547.000 5.59693 1.1711
548.000 5.16837 0.923655
549.000 4.92177 0.950519
550.000 5.02807 1.08751
551.000 4.83257 0.968534
552.000 4.4021 0.799519
553.000 4.3812 0.930304
554.000 4.48963 0.999999
555.000 4.20433 0.864277
556.000 3.8882 0.819577
557.000 3.96967 0.955906
558.000 4.0194 0.952501
559.000 3.95493 0.984692
560.000 3.85057 0.621894
561.000 3.56727 0.719636
562.000 3.5793 0.585906
563.000 3.50943 0.454509
564.000 3.73943 0.386589
565.000 3.95907 0.375754
566.000 4.2296 0.357797
567.000 4.59647 0.38394
568.000 4.84157 0.390198
569.000 5.28463 0.434089
570.000 5.51813 0.434005
571.000 5.90967 0.511585
572.000 6.04763 0.479108
573.000 6.00257 0.444017
574.000 6.0725 0.403375
575.000 6.26333 0.416828
576.000 6.22387 0.464204
577.000 6.50527 0.474854
578.000 6.36907 0.446194
579.000 6.0339 0.439902
580.000 5.83047 0.424605
581.000 5.55953 0.407545
582.000 5.72047 0.49329
583.000 5.43823 0.234256
584.000 5.29677 0.268721
585.000 5.5034 0.237489
586.000 5.47487 0.26542
587.000 5.18283 0.300625
588.000 5.3082 0.253455
589.000 5.65633 0.259845
590.000 5.52567 0.327607
591.000 5.27223 0.279126
592.000 5.58557 0.317998
593.000 5.70673 0.413363
594.000 5.528 0.425384
595.000 5.42237 0.454287
596.000 5.3158 0.480133
597.000 5.1176 0.486743
598.000 4.74107 0.454874
599.000 4.44933 0.469321
600.000 4.0574 0.412658
601.000 3.88253 0.452794
602.000 3.51677 0.427334
603.000 3.22677 0.428687
604.000 2.89 0.41527
605.000 2.6661 0.304629
606.000 2.5602 0.251448
