1.000 3.2009 0.510138
2.000 3.47397 0.692713
3.000 3.41723 0.648412
4.000 3.2161 0.584874
5.000 3.31747 0.669551
6.000 3.6292 0.72584
7.000 3.5645 0.690058
8.000 3.5984 0.73702
9.000 3.49353 0.734034
10.000 3.72657 0.678487
11.000 3.66227 0.580434
12.000 3.3636 0.496547
13.000 3.45953 0.469762
14.000 3.7341 0.436698
15.000 3.57317 0.34907
16.000 3.41777 0.252773
17.000 3.64317 0.333495
18.000 3.53373 0.489888
19.000 3.64587 0.838949
20.000 3.66703 1.35613
21.000 3.3978 0.800257
22.000 3.23463 0.472563
23.000 3.144 0.579011
24.000 3.09417 0.447206
25.000 3.36633 0.357623
26.000 3.4011 0.177384
27.000 3.60703 0.275355
28.000 3.3386 0.221395
29.000 2.99177 0.25682
30.000 3.16 0.413579
31.000 3.28787 0.433099
32.000 2.96217 0.395562
33.000 2.8276 0.464069
34.000 3.1228 0.542436
35.000 3.1395 0.536191
36.000 2.7516 0.463026
37.000 2.5274 0.471512
38.000 2.21227 0.43834
39.000 1.91 0.298624
40.000 1.93633 0.406517
41.000 2.00497 0.387957
42.000 2.31957 0.755626
43.000 2.2308 0.339856
44.000 2.50937 0.823574
45.000 2.69403 1.10086
46.000 2.61833 0.733581
47.000 1.9442 0.502922
123.000 1.5175 0.226976
124.000 1.6953 0.288036
125.000 1.78803 0.29106
126.000 1.90907 0.269975
127.000 2.02823 0.395727
128.000 2.2102 0.438037
129.000 2.33817 0.399179
130.000 2.62033 0.443296
131.000 2.86973 0.364014
132.000 3.3114 0.367945
133.000 3.64747 1.0617
134.000 3.3882 0.637777
135.000 3.543 0.64131
136.000 3.04657 0.506446
137.000 2.67643 0.542987
138.000 2.31357 0.39316
139.000 2.1176 0.299036
140.000 1.88403 0.182734
141.000 1.785 0.0260625
142.000 1.69233 0.0319247
143.000 1.84603 0.260857
144.000 2.06203 0.232061
145.000 2.084 0.127738
146.000 2.34077 0.148783
147.000 2.61013 0.229812
148.000 2.71897 0.185302
149.000 2.50573 0.23023
150.000 2.47877 0.454559
151.000 2.3422 0.61277
152.000 2.2435 0.753395
153.000 2.21163 0.994677
154.000 2.15873 1.21033
155.000 2.22403 1.35801
156.000 2.04357 1.29645
157.000 1.91813 1.09196
158.000 1.7964 0.817075
159.000 1.84927 0.534275
160.000 1.86173 0.250217
161.000 2.04307 0.247127
162.000 2.28223 0.285273
163.000 2.44587 0.469276
164.000 2.6823 0.561518
165.000 2.86627 0.742711
166.000 3.04793 0.872525
167.000 2.937 0.998122
168.000 3.01847 1.19082
169.000 2.9741 1.35915
170.000 3.04763 1.4642
171.000 3.28657 1.51961
172.000 3.03793 1.39082
173.000 2.87977 1.17549
174.000 2.699 1.12067
175.000 2.68707 1.01692
176.000 2.61797 0.951203
177.000 3.05997 1.0869
178.000 3.18437 1.24802
179.000 3.1538 1.22734
180.000 3.34683 1.28267
181.000 3.7804 1.40249
182.000 3.8252 1.33063
183.000 3.65607 1.14124
184.000 3.6784 0.990775
185.000 3.504 0.971139
186.000 3.23927 0.995007
187.000 3.0535 1.01524
188.000 3.1573 1.04898
189.000 3.0657 1.07569
190.000 3.21997 1.005
191.000 3.38447 0.997315
192.000 3.62913 1.02667
193.000 3.8787 1.01982
194.000 4.00737 1.12886
195.000 4.41797 1.22795
196.000 4.44433 1.26504
197.000 4.60427 1.44232
198.000 4.59447 1.50734
199.000 4.11163 1.25009
200.000 3.8396 1.11961
201.000 3.51973 1.13552
202.000 3.58127 1.22317
203.000 3.34643 0.768711
204.000 3.0867 0.742959
205.000 3.0793 0.911848
206.000 2.92787 0.798403
207.000 2.70577 0.698895
208.000 2.41057 0.574468
209.000 2.22767 0.472616
210.000 2.04977 0.373232
211.000 1.96693 0.650671
212.000 1.98497 0.736437
213.000 2.15713 0.919019
214.000 2.2648 1.08363
215.000 2.55223 1.2437
216.000 2.6326 1.29015
217.000 2.59047 1.33379
218.000 2.61707 1.20476
219.000 2.51863 0.962447
220.000 2.62557 0.826055
221.000 2.54483 0.635479
222.000 2.58273 0.420099
223.000 2.51037 0.253255
224.000 2.6278 0.272304
225.000 2.3804 0.261212
226.000 2.22627 0.311375
227.000 2.0985 0.295022
228.000 2.25073 0.285805
229.000 2.4475 0.340965
230.000 2.39247 0.342242
231.000 2.53443 0.334146
232.000 2.50767 0.403901
233.000 2.60413 0.676593
234.000 2.86107 0.806568
235.000 2.83517 0.871062
236.000 2.57743 0.872462
237.000 2.73933 1.03895
238.000 2.85157 0.855961
239.000 2.6898 0.607491
240.000 2.48287 0.248343
