#Res        AtomicFlx
 358.000       2.3573
 359.000       2.6820
 360.000       2.9020
 361.000       3.2558
 362.000       3.5648
 363.000       4.0978
 364.000       4.4931
 365.000       4.7763
 366.000       5.3885
 367.000       5.8545
 368.000       6.6100
 369.000       7.4730
 370.000       8.4797
 371.000       8.9195
 372.000       9.6473
 373.000      10.0223
 374.000      10.5551
 375.000      10.2892
 376.000       9.5343
 377.000       8.5353
 378.000       8.1227
 379.000       7.3577
 380.000       6.8189
 381.000       6.4574
 382.000       5.8679
 383.000       5.7122
 384.000       5.2461
 385.000       5.3424
 386.000       4.9616
 387.000       4.3079
 388.000       4.5335
 389.000       4.8333
 390.000       5.3882
 391.000       5.9197
 392.000       6.0983
 393.000       6.2457
 394.000       6.2000
 395.000       6.5130
 396.000       6.6014
 397.000       7.4050
 398.000       7.7420
 399.000       7.6012
 400.000       7.7418
 401.000       7.8125
 402.000       7.5403
 403.000       7.6816
 404.000       7.1987
 405.000       7.6503
 406.000       8.0109
 407.000       7.4731
 408.000       7.3617
 409.000       6.7566
 410.000       6.4678
 411.000       6.6214
 412.000       6.3214
 413.000       5.7770
 414.000       5.8101
 415.000       5.9540
 416.000       5.5611
 417.000       5.2321
 418.000       5.5535
 419.000       5.6946
 420.000       5.2107
 421.000       5.2185
 422.000       5.3208
 423.000       5.1956
 424.000       5.4034
 425.000       5.8519
 426.000       6.1458
 427.000       6.6954
 428.000       6.7902
 429.000       7.5264
 430.000       7.4438
 431.000       6.7466
 432.000       6.6809
 433.000       6.1188
 434.000       5.5761
 435.000       5.4275
 436.000       5.0584
 437.000       5.0828
 438.000       4.6959
 439.000       4.2442
 440.000       3.8292
 441.000       3.9250
 442.000       4.3364
 443.000       4.3391
 444.000       4.2449
 445.000       4.6434
 446.000       5.0015
 447.000       5.0244
 448.000       5.2013
 449.000       5.7039
 450.000       6.0444
 451.000       6.1235
 452.000       6.4186
 453.000       6.9340
 454.000       7.2155
 455.000       7.8008
 456.000       8.1596
 457.000       8.1185
 458.000       8.5812
 459.000       8.3133
 460.000       9.0290
 461.000       9.2833
 462.000       8.6616
 463.000       8.2557
 464.000       7.5144
 465.000       7.4999
 466.000       7.7468
 467.000       7.3014
 468.000       6.6306
 469.000       6.6609
 470.000       7.0307
 471.000       6.6648
 472.000       6.4070
 473.000       6.9990
 474.000       7.2374
 475.000       6.8329
 476.000       6.9927
 477.000       7.6219
 478.000       7.5399
 479.000       7.1004
 480.000       7.1248
 481.000       6.9819
 482.000       7.3021
 483.000       7.0010
 484.000       6.8908
 485.000       6.9159
 486.000       7.0851
 487.000       6.9120
 488.000       6.9196
 489.000       7.5439
 490.000       7.6216
 491.000       6.8133
 492.000       6.6661
 493.000       6.5144
 494.000       6.2740
 495.000       6.3512
 496.000       6.3661
 497.000       6.7741
 498.000       7.0255
 499.000       7.4410
 500.000       7.8803
 501.000       8.2009
 502.000       8.8498
 503.000       8.8822
 504.000       9.1203
 505.000       9.0390
 506.000       9.1208
 507.000       8.7756
 508.000       8.4016
 509.000       7.8365
 510.000       7.5051
 511.000       7.0154
 512.000       6.6581
 513.000       6.1874
 514.000       5.8669
 515.000       5.4354
 516.000       5.1715
 517.000       5.3322
 518.000       5.7045
 519.000       6.3858
 520.000       6.4256
 521.000       6.2497
 522.000       6.6842
 523.000       7.2112
 524.000       7.3010
 525.000       7.3444
 526.000       7.7474
 527.000       7.4051
 528.000       7.4226
 529.000       7.2124
 530.000       7.7142
 531.000       7.6993
 532.000       7.8979
 533.000       7.9459
 534.000       8.0641
 535.000       8.1405
 536.000       8.4369
 537.000       8.5007
 538.000       9.1883
 539.000       9.6300
 540.000       9.7844
 541.000       8.8552
 542.000       8.1885
 543.000       8.4937
 544.000       8.2813
 545.000       7.2309
 546.000       6.9494
 547.000       7.3038
 548.000       6.6777
 549.000       5.7471
 550.000       5.9975
 551.000       6.1623
 552.000       5.2643
 553.000       4.6505
 554.000       5.0719
 555.000       4.8528
 556.000       4.5455
 557.000       4.1615
 558.000       4.1330
 559.000       4.1174
 560.000       4.0019
 561.000       4.4762
 562.000       4.6751
 563.000       5.1833
 564.000       5.6511
 565.000       6.0865
 566.000       6.5313
 567.000       6.8677
 568.000       7.2273
 569.000       7.5674
 570.000       7.6694
 571.000       7.9635
 572.000       8.3476
 573.000       8.4367
 574.000       9.0677
 575.000       8.9455
 576.000       8.6284
 577.000       8.7574
 578.000       8.8169
 579.000       9.5011
 580.000       9.2559
 581.000       8.8760
 582.000       9.0732
 583.000       8.3649
 584.000       7.7663
 585.000       7.8065
 586.000       7.9236
 587.000       7.5116
 588.000       7.2311
 589.000       7.5724
 590.000       7.4547
 591.000       7.1519
 592.000       6.8104
 593.000       6.6621
 594.000       6.2829
 595.000       5.7147
 596.000       5.2654
 597.000       4.6269
 598.000       4.2710
 599.000       3.7239
 600.000       3.3246
 601.000       2.8836
 602.000       2.6233
 603.000       2.2655
