#Res        AtomicFlx
 358.000       1.3887
 359.000       1.5775
 360.000       1.6557
 361.000       1.6795
 362.000       1.7590
 363.000       1.9402
 364.000       2.0940
 365.000       2.1523
 366.000       2.4260
 367.000       2.6193
 368.000       2.9707
 369.000       3.3101
 370.000       3.6972
 371.000       3.7677
 372.000       3.9946
 373.000       4.5236
 374.000       4.8633
 375.000       4.4179
 376.000       3.9090
 377.000       3.4662
 378.000       3.3621
 379.000       3.1390
 380.000       3.0386
 381.000       2.9066
 382.000       2.6457
 383.000       2.6845
 384.000       2.4550
 385.000       2.5489
 386.000       2.4344
 387.000       2.3836
 388.000       2.4401
 389.000       2.4976
 390.000       2.4244
 391.000       2.6943
 392.000       2.7894
 393.000       3.1233
 394.000       3.1058
 395.000       3.2104
 396.000       3.1858
 397.000       3.5681
 398.000       3.7340
 399.000       3.7209
 400.000       3.8289
 401.000       3.9563
 402.000       3.7829
 403.000       3.9048
 404.000       3.6261
 405.000       4.0306
 406.000       4.1918
 407.000       3.8463
 408.000       3.8372
 409.000       3.4753
 410.000       3.3120
 411.000       3.5076
 412.000       3.3703
 413.000       2.9803
 414.000       3.0176
 415.000       3.2275
 416.000       2.9631
 417.000       2.7061
 418.000       2.9497
 419.000       3.1745
 420.000       2.8692
 421.000       2.8444
 422.000       2.9592
 423.000       2.7037
 424.000       2.6493
 425.000       2.8195
 426.000       2.9492
 427.000       3.1304
 428.000       3.3574
 429.000       3.7815
 430.000       4.0766
 431.000       3.7823
 432.000       3.4171
 433.000       2.9596
 434.000       2.7381
 435.000       2.6921
 436.000       2.5920
 437.000       2.6800
 438.000       2.5760
 439.000       2.2658
 440.000       2.0169
 441.000       2.0451
 442.000       2.2047
 443.000       2.1586
 444.000       2.0442
 445.000       2.2647
 446.000       2.4260
 447.000       2.3324
 448.000       2.4894
 449.000       2.8149
 450.000       2.9233
 451.000       2.9552
 452.000       3.1840
 453.000       3.5318
 454.000       3.7152
 455.000       4.0619
 456.000       4.1549
 457.000       4.0627
 458.000       4.1682
 459.000       3.9539
 460.000       4.2200
 461.000       4.2617
 462.000       3.9347
 463.000       3.7131
 464.000       3.4346
 465.000       3.4218
 466.000       3.4940
 467.000       3.2914
 468.000       3.0248
 469.000       3.1773
 470.000       3.4633
 471.000       3.4056
 472.000       3.3444
 473.000       3.6942
 474.000       3.9741
 475.000       3.8898
 476.000       4.0007
 477.000       4.3662
 478.000       4.5153
 479.000       4.2898
 480.000       4.4311
 481.000       4.3459
 482.000       4.5773
 483.000       4.3666
 484.000       4.1387
 485.000       3.9452
 486.000       3.8458
 487.000       3.7153
 488.000       3.7168
 489.000       3.6748
 490.000       3.8369
 491.000       3.6112
 492.000       3.1924
 493.000       3.2759
 494.000       3.2784
 495.000       3.6127
 496.000       3.8421
 497.000       4.2359
 498.000       4.4510
 499.000       4.7349
 500.000       5.0438
 501.000       5.1422
 502.000       5.5958
 503.000       6.0368
 504.000       7.0962
 505.000       6.8391
 506.000       6.5700
 507.000       5.8164
 508.000       5.7154
 509.000       5.0938
 510.000       4.8169
 511.000       4.3603
 512.000       3.9726
 513.000       3.4954
 514.000       3.1370
 515.000       2.9169
 516.000       2.6804
 517.000       2.7160
 518.000       2.7110
 519.000       3.1239
 520.000       3.2744
 521.000       3.1492
 522.000       3.1965
 523.000       3.5273
 524.000       3.6613
 525.000       3.6040
 526.000       3.8789
 527.000       3.7086
 528.000       3.7037
 529.000       3.6746
 530.000       3.9657
 531.000       4.0286
 532.000       4.4466
 533.000       4.3280
 534.000       4.2984
 535.000       4.0585
 536.000       4.0710
 537.000       3.8747
 538.000       3.6764
 539.000       3.5467
 540.000       3.3807
 541.000       3.2980
 542.000       3.1724
 543.000       2.9964
 544.000       2.8944
 545.000       2.7529
 546.000       2.6803
 547.000       2.5508
 548.000       2.3822
 549.000       2.3662
 550.000       2.4000
 551.000       2.2600
 552.000       2.1939
 553.000       2.4134
 554.000       2.4612
 555.000       2.0835
 556.000       1.8275
 557.000       1.7107
 558.000       1.8949
 559.000       1.9643
 560.000       1.9675
 561.000       2.0810
 562.000       2.2215
 563.000       2.5226
 564.000       2.7800
 565.000       3.1979
 566.000       3.6553
 567.000       4.0849
 568.000       4.4073
 569.000       4.6643
 570.000       4.7960
 571.000       4.9816
 572.000       5.3588
 573.000       5.3573
 574.000       5.7561
 575.000       5.7567
 576.000       5.4381
 577.000       5.1969
 578.000       4.8625
 579.000       5.0457
 580.000       4.7868
 581.000       4.5739
 582.000       4.7344
 583.000       4.7086
 584.000       4.3342
 585.000       4.2229
 586.000       4.5568
 587.000       4.4132
 588.000       4.0039
 589.000       4.1887
 590.000       4.0722
 591.000       3.7991
 592.000       3.5968
 593.000       3.3188
 594.000       3.0623
 595.000       2.7107
 596.000       2.3740
 597.000       2.1110
 598.000       1.9835
 599.000       1.8599
 600.000       1.7690
 601.000       1.5947
 602.000       1.4653
 603.000       1.3953
