#Res        AtomicFlx
   1.000       3.6337
   2.000       4.0711
   3.000       3.9170
   4.000       3.5540
   5.000       3.5737
   6.000       3.9238
   7.000       3.7870
   8.000       3.6834
   9.000       3.4648
  10.000       3.7190
  11.000       3.7568
  12.000       3.4625
  13.000       3.4822
  14.000       3.8260
  15.000       3.7500
  16.000       3.5147
  17.000       3.6217
  18.000       3.4257
  19.000       3.3363
  20.000       3.0438
  21.000       2.9926
  22.000       2.9870
  23.000       2.8332
  24.000       2.8914
  25.000       3.2871
  26.000       3.4778
  27.000       3.8245
  28.000       3.5203
  29.000       3.2108
  30.000       3.5003
  31.000       3.6548
  32.000       3.2871
  33.000       3.1774
  34.000       3.5420
  35.000       3.5741
  36.000       3.1221
  37.000       2.8739
  38.000       2.5211
  39.000       2.1158
  40.000       2.1664
  41.000       2.0871
  42.000       2.0464
  43.000       1.9707
  44.000       1.9523
  45.000       2.0903
  46.000       2.3198
  47.000       1.8642
 123.000       1.3242
 124.000       1.4739
 125.000       1.5905
 126.000       1.8097
 127.000       1.8163
 128.000       1.9765
 129.000       2.1004
 130.000       2.3830
 131.000       2.6732
 132.000       3.1161
 133.000       3.0697
 134.000       3.0177
 135.000       3.1952
 136.000       2.6772
 137.000       2.2858
 138.000       2.0225
 139.000       1.9059
 140.000       1.7457
 141.000       1.7954
 142.000       1.7102
 143.000       2.0159
 144.000       2.2232
 145.000       2.1918
 146.000       2.4734
 147.000       2.8134
 148.000       2.7956
 149.000       2.4465
 150.000       2.2425
 151.000       2.0010
 152.000       1.7952
 153.000       1.6583
 154.000       1.5043
 155.000       1.5376
 156.000       1.4126
 157.000       1.3771
 158.000       1.3714
 159.000       1.6425
 160.000       1.8096
 161.000       2.0736
 162.000       2.3854
 163.000       2.4546
 164.000       2.6454
 165.000       2.7386
 166.000       2.7891
 167.000       2.5693
 168.000       2.5252
 169.000       2.2934
 170.000       2.3717
 171.000       2.6964
 172.000       2.5288
 173.000       2.5569
 174.000       2.4062
 175.000       2.5553
 176.000       2.4780
 177.000       2.7785
 178.000       2.7612
 179.000       2.5886
 180.000       2.6400
 181.000       3.0947
 182.000       3.3105
 183.000       3.3949
 184.000       3.5788
 185.000       3.5505
 186.000       3.2351
 187.000       3.0143
 188.000       3.0714
 189.000       2.9046
 190.000       3.1098
 191.000       3.2646
 192.000       3.5911
 193.000       3.9738
 194.000       4.1610
 195.000       4.6502
 196.000       4.7607
 197.000       4.7723
 198.000       4.7940
 199.000       4.4186
 200.000       4.0862
 201.000       3.5900
 202.000       3.5734
 203.000       3.5627
 204.000       3.2794
 205.000       3.0928
 206.000       2.9197
 207.000       2.7276
 208.000       2.3686
 209.000       2.1776
 210.000       2.0110
 211.000       1.7518
 212.000       1.7335
 213.000       1.8667
 214.000       1.8601
 215.000       2.1179
 216.000       2.1332
 217.000       1.9569
 218.000       2.0304
 219.000       2.0480
 220.000       2.2904
 221.000       2.2897
 222.000       2.5294
 223.000       2.5616
 224.000       2.8250
 225.000       2.6073
 226.000       2.4958
 227.000       2.3296
 228.000       2.4327
 229.000       2.7268
 230.000       2.6911
 231.000       2.8333
 232.000       2.8243
 233.000       3.0442
 234.000       3.4149
 235.000       3.5143
 236.000       3.2939
 237.000       3.5724
 238.000       3.4954
 239.000       3.1307
 240.000       2.6206
