345.000 1.02557 0.291683
346.000 1.14103 0.328039
347.000 1.1408 0.345933
348.000 1.1662 0.340061
349.000 1.22083 0.356684
350.000 1.3209 0.43844
351.000 1.41117 0.463486
352.000 1.49497 0.455119
353.000 1.52467 0.496142
354.000 1.50353 0.466525
355.000 1.35017 0.312469
618.000 1.2422 0.253642
619.000 1.17033 0.250497
620.000 1.2243 0.303499
621.000 1.26777 0.344397
622.000 1.30723 0.441668
623.000 1.48527 0.550401
624.000 1.63083 0.615674
625.000 1.8286 0.630519
626.000 2.09187 0.68268
627.000 2.06493 0.668878
628.000 2.11027 0.632942
629.000 2.07257 0.609147
630.000 2.16247 0.621133
631.000 2.02933 0.607422
632.000 1.82883 0.559457
633.000 1.87673 0.566696
634.000 1.92517 0.57228
635.000 1.74453 0.483767
636.000 1.6789 0.432383
637.000 1.8342 0.493527
638.000 1.8259 0.460139
639.000 1.68143 0.304253
640.000 1.7153 0.340489
641.000 1.69753 0.38291
642.000 1.8249 0.508277
643.000 2.03893 0.609741
644.000 2.3894 0.812413
645.000 2.56997 0.888519
646.000 2.2979 0.758344
647.000 2.25753 0.683798
648.000 2.09517 0.53232
649.000 2.19657 0.58179
650.000 2.11283 0.663666
651.000 1.8691 0.638701
652.000 1.9441 0.668743
653.000 1.95683 0.692954
654.000 2.06627 0.758701
655.000 2.1112 0.726491
656.000 2.30797 0.83598
657.000 2.28367 0.895843
658.000 2.18363 0.82681
659.000 2.3616 0.86844
660.000 2.5192 0.99552
661.000 2.41797 0.959768
662.000 2.44703 0.976736
663.000 2.34497 0.937492
664.000 2.34277 0.929876
665.000 2.24803 0.898692
666.000 2.042 0.847372
667.000 1.9929 0.786728
668.000 2.0495 0.783125
669.000 1.9287 0.796478
670.000 1.76227 0.735664
671.000 1.8092 0.689235
672.000 1.82837 0.68177
673.000 1.69493 0.644931
674.000 1.56407 0.588227
675.000 1.66777 0.610693
676.000 1.71943 0.599259
677.000 1.89163 0.666432
678.000 1.992 0.777214
679.000 1.9333 0.834481
680.000 2.02817 0.913831
681.000 2.1943 1.22728
682.000 2.0718 0.884702
683.000 1.86217 0.762789
684.000 1.66703 0.627771
685.000 1.68383 0.63262
686.000 1.73193 0.676717
687.000 1.58907 0.651983
688.000 1.4955 0.643885
689.000 1.6722 0.667855
690.000 1.69653 0.668421
691.000 1.55083 0.62794
692.000 1.63487 0.651548
693.000 1.8374 0.736509
694.000 1.71897 0.68497
695.000 1.5898 0.604784
696.000 1.47383 0.694943
697.000 1.19087 0.412137
698.000 1.17887 0.385027
699.000 1.13883 0.352552
700.000 1.15537 0.376295
701.000 1.2345 0.425805
702.000 1.28573 0.461015
703.000 1.41443 0.575
704.000 1.54537 0.675494
705.000 1.69263 0.798316
706.000 1.71913 0.759858
707.000 1.5592 0.630173
708.000 1.56573 0.643606
709.000 1.6046 0.690695
710.000 1.47073 0.596373
711.000 1.34817 0.515305
712.000 1.46627 0.550807
713.000 1.47417 0.566659
714.000 1.3129 0.490973
715.000 1.19633 0.400038
716.000 1.09197 0.344419
717.000 1.10197 0.338377
718.000 1.10813 0.350878
719.000 1.14183 0.373926
720.000 1.26123 0.406266
721.000 1.41243 0.448618
722.000 1.5678 0.547969
723.000 1.4945 0.584513
724.000 1.50417 0.6556
725.000 1.53717 0.723191
726.000 1.53397 0.722008
727.000 1.37827 0.598566
728.000 1.34627 0.532161
729.000 1.42113 0.597491
730.000 1.35977 0.580971
731.000 1.22433 0.411454
732.000 1.0666 0.312014
733.000 1.04603 0.269236
734.000 1.0264 0.308536
735.000 1.09217 0.333003
736.000 1.25843 0.429722
737.000 1.30563 0.426849
738.000 1.40473 0.271055
739.000 1.18333 0.148821
