#Res        AtomicFlx
   1.000       3.2326
   2.000       3.4847
   3.000       3.5772
   4.000       3.5183
   5.000       3.7775
   6.000       4.1157
   7.000       4.0663
   8.000       4.2101
   9.000       4.1358
  10.000       4.3160
  11.000       4.1329
  12.000       3.7581
  13.000       3.8601
  14.000       4.0787
  15.000       3.7781
  16.000       3.5913
  17.000       3.9366
  18.000       3.9719
  19.000       4.3851
  20.000       4.8304
  21.000       4.0704
  22.000       3.6282
  23.000       3.6228
  24.000       3.4787
  25.000       3.6862
  26.000       3.5164
  27.000       3.6646
  28.000       3.3694
  29.000       2.8700
  30.000       2.9345
  31.000       3.0759
  32.000       2.7454
  33.000       2.5238
  34.000       2.7815
  35.000       2.8345
  36.000       2.4798
  37.000       2.2080
  38.000       1.9012
  39.000       1.6937
  40.000       1.6062
  41.000       1.6580
  42.000       1.7893
  43.000       2.1435
  44.000       3.1153
  45.000       3.5981
  46.000       3.2587
  47.000       2.3928
 123.000       1.6259
 124.000       1.8782
 125.000       2.0016
 126.000       2.1470
 127.000       2.3557
 128.000       2.5731
 129.000       2.6555
 130.000       2.9872
 131.000       3.1702
 132.000       3.6167
 133.000       4.5216
 134.000       3.9008
 135.000       4.0716
 136.000       3.3928
 137.000       3.0535
 138.000       2.5774
 139.000       2.3288
 140.000       2.0029
 141.000       1.7622
 142.000       1.6663
 143.000       1.6487
 144.000       1.8951
 145.000       2.0204
 146.000       2.3181
 147.000       2.5889
 148.000       2.8421
 149.000       2.7115
 150.000       2.8582
 151.000       2.8428
 152.000       2.8427
 153.000       3.0245
 154.000       3.1573
 155.000       3.3659
 156.000       3.1433
 157.000       2.8407
 158.000       2.4783
 159.000       2.3181
 160.000       2.0855
 161.000       2.2474
 162.000       2.4824
 163.000       2.8500
 164.000       3.1765
 165.000       3.5294
 166.000       3.8255
 167.000       3.8166
 168.000       4.0558
 169.000       4.1195
 170.000       4.3027
 171.000       4.6196
 172.000       4.2642
 173.000       3.9293
 174.000       3.7004
 175.000       3.5914
 176.000       3.4655
 177.000       4.0313
 178.000       4.2903
 179.000       4.2063
 180.000       4.3985
 181.000       4.9689
 182.000       4.9929
 183.000       4.6768
 184.000       4.5559
 185.000       4.3322
 186.000       4.1020
 187.000       3.9417
 188.000       4.0834
 189.000       4.0244
 190.000       4.1113
 191.000       4.2703
 192.000       4.5270
 193.000       4.7333
 194.000       4.9352
 195.000       5.3993
 196.000       5.4171
 197.000       5.8007
 198.000       5.8356
 199.000       5.0759
 200.000       4.7177
 201.000       4.4832
 202.000       4.6425
 203.000       3.9243
 204.000       3.6543
 205.000       3.8655
 206.000       3.6213
 207.000       3.3052
 208.000       2.9169
 209.000       2.6466
 210.000       2.3805
 211.000       2.5443
 212.000       2.6373
 213.000       2.9743
 214.000       3.2187
 215.000       3.6524
 216.000       3.7647
 217.000       3.7276
 218.000       3.6389
 219.000       3.3342
 220.000       3.3469
 221.000       3.1004
 222.000       2.9562
 223.000       2.7112
 224.000       2.7169
 225.000       2.3776
 226.000       2.0910
 227.000       1.9174
 228.000       2.0314
 229.000       2.2591
 230.000       2.2527
 231.000       2.4610
 232.000       2.2601
 233.000       2.0919
 234.000       2.2750
 235.000       2.2957
 236.000       2.0989
 237.000       2.1324
 238.000       2.2895
 239.000       2.2721
 240.000       2.2797
