348.000 1.38653 0.187902
349.000 1.63403 0.262671
350.000 1.67453 0.246446
351.000 1.73027 0.288364
352.000 1.80987 0.281407
353.000 1.9828 0.235825
354.000 2.0246 0.26336
355.000 2.1834 0.274873
356.000 2.1592 0.169052
357.000 2.01317 0.136037
358.000 1.86167 0.195029
621.000 1.76157 0.23818
622.000 1.73177 0.283483
623.000 1.8271 0.291835
624.000 1.99397 0.394281
625.000 2.07007 0.327774
626.000 2.35827 0.290087
627.000 2.57923 0.268364
628.000 2.85377 0.379737
629.000 3.17627 0.454757
630.000 3.18183 0.455717
631.000 3.23233 0.441854
632.000 3.16837 0.440146
633.000 3.266 0.462092
634.000 3.1659 0.433159
635.000 2.94687 0.46656
636.000 2.98943 0.51571
637.000 3.0551 0.504442
638.000 2.8509 0.495924
639.000 2.77237 0.515947
640.000 2.96133 0.555924
641.000 2.88993 0.508898
642.000 2.63213 0.491605
643.000 2.7151 0.606861
644.000 2.6946 0.602414
645.000 2.94867 0.688137
646.000 3.26793 0.827062
647.000 3.6819 0.953221
648.000 3.92517 1.08612
649.000 3.5989 0.917522
650.000 3.56233 0.884737
651.000 3.2085 0.582945
652.000 3.2823 0.528866
653.000 3.13693 0.454152
654.000 2.898 0.438883
655.000 3.00453 0.448386
656.000 3.01 0.39021
657.000 3.1673 0.403876
658.000 3.2089 0.360849
659.000 3.48693 0.356484
660.000 3.4789 0.384116
661.000 3.30787 0.352211
662.000 3.5122 0.338707
663.000 3.78533 0.398588
664.000 3.66253 0.378621
665.000 3.6898 0.355484
666.000 3.52973 0.270585
667.000 3.489 0.257521
668.000 3.38557 0.280562
669.000 3.14047 0.243998
670.000 3.00177 0.159293
671.000 3.0234 0.183408
672.000 2.9281 0.239261
673.000 2.7047 0.20604
674.000 2.68283 0.197481
675.000 2.80383 0.335505
676.000 2.65823 0.371167
677.000 2.52923 0.402366
678.000 2.65183 0.357186
679.000 2.68307 0.303569
680.000 2.91533 0.327865
681.000 2.98477 0.280097
682.000 2.81937 0.158979
683.000 2.87827 0.0626002
684.000 2.84207 0.075017
685.000 2.96477 0.154968
686.000 2.82817 0.0246331
687.000 2.5092 0.134185
688.000 2.48187 0.131962
689.000 2.6463 0.165313
690.000 2.46613 0.222532
691.000 2.26033 0.233227
692.000 2.44597 0.196085
693.000 2.50317 0.236428
694.000 2.2647 0.270433
695.000 2.27423 0.234302
696.000 2.50977 0.224709
697.000 2.402 0.155414
698.000 2.2169 0.0976213
699.000 2.0263 0.126803
700.000 1.71957 0.171696
701.000 1.6924 0.190219
702.000 1.63337 0.198502
703.000 1.6383 0.175392
704.000 1.70667 0.168161
705.000 1.7374 0.107951
706.000 1.8819 0.0847397
707.000 2.06497 0.0985818
708.000 2.25817 0.137685
709.000 2.32117 0.190734
710.000 2.10257 0.137736
711.000 2.10103 0.104699
712.000 2.22513 0.0953721
713.000 2.07743 0.127072
714.000 1.9123 0.151772
715.000 2.04457 0.132897
716.000 2.0834 0.131166
717.000 1.86423 0.156787
718.000 1.67157 0.115423
719.000 1.54627 0.133299
720.000 1.48313 0.10247
721.000 1.47257 0.0965802
722.000 1.4509 0.0918151
723.000 1.59273 0.0957546
724.000 1.6823 0.072192
725.000 1.92927 0.0475333
726.000 1.87663 0.0342775
727.000 1.9013 0.0707687
728.000 1.90563 0.15231
729.000 1.9648 0.101826
730.000 1.76977 0.0715599
731.000 1.62483 0.159891
732.000 1.76123 0.175836
733.000 1.78873 0.100815
734.000 1.53423 0.160922
735.000 1.34613 0.148484
736.000 1.26667 0.130452
737.000 1.2399 0.0975361
738.000 1.3823 0.0533547
739.000 1.48957 0.0467331
740.000 1.6269 0.130905
741.000 1.69887 0.168772
742.000 1.58053 0.247759
