1.000 3.72487 0.164171
2.000 3.8761 0.31717
3.000 3.8067 0.292086
4.000 3.5181 0.209314
5.000 3.62623 0.212868
6.000 3.95047 0.293037
7.000 3.83823 0.327186
8.000 3.8223 0.390103
9.000 3.6568 0.4143
10.000 3.86573 0.419819
11.000 3.85047 0.313249
12.000 3.53957 0.229826
13.000 3.59897 0.252901
14.000 3.87713 0.312384
15.000 3.77133 0.343018
16.000 3.61277 0.323874
17.000 3.79303 0.344666
18.000 3.6777 0.220841
19.000 3.8058 0.191613
20.000 3.829 0.199692
21.000 3.69887 0.177698
22.000 3.66287 0.361923
23.000 3.3939 0.123373
24.000 3.35933 0.207721
25.000 3.56387 0.249355
26.000 3.5444 0.323069
27.000 3.7171 0.393639
28.000 3.51097 0.369788
29.000 3.20453 0.349674
30.000 3.36573 0.451802
31.000 3.49237 0.49638
32.000 3.2206 0.416482
33.000 3.1059 0.437638
34.000 3.3643 0.549629
35.000 3.3958 0.540051
36.000 3.0823 0.406043
37.000 2.88843 0.346986
38.000 2.5938 0.2309
39.000 2.29237 0.101331
40.000 2.3117 0.268576
41.000 2.4527 0.279983
42.000 2.68077 0.478606
43.000 2.5848 0.439956
44.000 2.3114 0.215748
45.000 2.24627 0.585794
46.000 2.06983 0.813067
47.000 1.5895 0.670973
123.000 1.61373 0.459466
124.000 1.70437 0.173503
125.000 2.02973 0.0775483
126.000 2.2479 0.0818316
127.000 2.2656 0.391214
128.000 2.4168 0.274892
129.000 2.579 0.161899
130.000 2.8544 0.0714186
131.000 3.16857 0.108137
132.000 3.64777 0.246348
133.000 3.81347 0.253262
134.000 3.70637 0.122164
135.000 3.96837 0.221843
136.000 3.27567 0.149428
137.000 2.94247 0.162827
138.000 2.61783 0.1582
139.000 2.43187 0.180654
140.000 2.13673 0.14429
141.000 1.9631 0.151728
142.000 1.9036 0.151299
143.000 2.02403 0.267928
144.000 2.21563 0.260223
145.000 2.2717 0.21599
146.000 2.54593 0.15283
147.000 2.82317 0.141128
148.000 2.90807 0.0250338
149.000 2.7141 0.0678986
150.000 2.69193 0.155641
151.000 2.55923 0.229943
152.000 2.4724 0.237431
153.000 2.4442 0.230725
154.000 2.35567 0.205999
155.000 2.37553 0.132913
156.000 2.14423 0.133346
157.000 2.0682 0.182163
158.000 1.9901 0.201376
159.000 2.0486 0.15331
160.000 2.0478 0.154233
161.000 2.26577 0.114994
162.000 2.54327 0.0967885
163.000 2.67443 0.155896
164.000 2.87477 0.232054
165.000 3.01583 0.352989
166.000 3.1657 0.483327
167.000 3.1037 0.516741
168.000 3.20653 0.568392
169.000 3.2565 0.577127
170.000 3.46777 0.925546
171.000 3.47803 0.546073
172.000 3.24383 0.437523
173.000 3.05677 0.340825
174.000 2.8613 0.223025
175.000 2.80997 0.195052
176.000 2.76707 0.174056
177.000 3.14113 0.0742062
178.000 3.3436 0.0494713
179.000 3.53397 0.254736
180.000 3.7015 0.319771
181.000 3.9204 0.208471
182.000 3.81763 0.0993898
183.000 3.6588 0.0786202
184.000 3.7889 0.161531
185.000 3.68703 0.344211
186.000 3.39817 0.270938
187.000 3.15783 0.219445
188.000 3.26223 0.249038
189.000 3.20053 0.319407
190.000 3.3677 0.484506
191.000 3.61453 0.742358
192.000 4.0019 1.24456
193.000 4.65183 1.82309
194.000 5.1595 2.3718
195.000 6.14663 2.68272
196.000 6.37747 2.59482
197.000 7.46223 3.00176
198.000 6.89383 2.72489
199.000 6.27333 2.32322
200.000 5.73237 2.08652
201.000 5.2206 1.62319
202.000 4.84733 0.985398
203.000 4.0362 0.409462
204.000 3.37683 0.124549
205.000 3.29527 0.22724
206.000 3.13743 0.256432
207.000 2.93033 0.188975
208.000 2.643 0.142011
209.000 2.51397 0.114634
210.000 2.3321 0.0923518
211.000 2.18317 0.09917
212.000 2.25313 0.112735
213.000 2.3439 0.136807
214.000 2.4059 0.127001
215.000 2.69 0.122884
216.000 2.78623 0.221231
217.000 2.7806 0.318769
218.000 2.8103 0.391173
219.000 2.7236 0.361976
220.000 2.81627 0.398897
221.000 2.75103 0.294558
222.000 2.77473 0.181339
223.000 2.72187 0.0727723
224.000 2.87407 0.0716439
225.000 2.70863 0.137361
226.000 2.58863 0.203616
227.000 2.50667 0.178024
228.000 2.78173 0.223309
229.000 2.95753 0.177532
230.000 2.82483 0.100118
231.000 2.9819 0.195491
232.000 2.8317 0.100306
233.000 2.82227 0.214641
234.000 3.14233 0.351003
235.000 3.10913 0.271286
236.000 2.81667 0.156376
237.000 2.91703 0.252861
238.000 2.94767 0.132088
239.000 2.7042 0.131814
240.000 2.57987 0.262123
