345.000 1.40747 0.0606403
346.000 1.62573 0.0624144
347.000 1.65517 0.183649
348.000 1.72107 0.243116
349.000 1.8331 0.272675
350.000 1.9841 0.323368
351.000 2.06987 0.354706
352.000 2.29937 0.444088
353.000 2.3282 0.445739
354.000 2.21143 0.384059
355.000 2.00247 0.259326
618.000 1.77207 0.165085
619.000 1.70193 0.114124
620.000 1.79597 0.176594
621.000 1.97473 0.238897
622.000 2.0407 0.347142
623.000 2.25093 0.42943
624.000 2.35953 0.470235
625.000 2.6927 0.583618
626.000 3.04593 0.671168
627.000 3.12607 0.722051
628.000 3.28007 0.789615
629.000 3.23583 0.753167
630.000 3.32383 0.749819
631.000 3.15697 0.725396
632.000 2.86563 0.674384
633.000 2.87273 0.642554
634.000 2.92387 0.671612
635.000 2.65127 0.57003
636.000 2.50607 0.51831
637.000 2.64327 0.640115
638.000 2.61667 0.619034
639.000 2.4319 0.50519
640.000 2.43233 0.565661
641.000 2.4012 0.491157
642.000 2.6242 0.529289
643.000 2.92237 0.6445
644.000 3.35607 0.686406
645.000 3.5793 0.575577
646.000 3.27883 0.533898
647.000 3.2301 0.511529
648.000 3.0694 0.525654
649.000 3.24497 0.553676
650.000 3.10757 0.556797
651.000 2.81757 0.52988
652.000 2.95837 0.662562
653.000 3.02253 0.731735
654.000 3.28123 0.881055
655.000 3.43677 0.97474
656.000 3.73203 1.05419
657.000 3.64283 0.982952
658.000 3.4989 0.993824
659.000 3.8062 1.11745
660.000 4.01237 1.14888
661.000 3.8698 1.11604
662.000 3.93353 1.15921
663.000 3.97827 1.26379
664.000 3.85073 1.19778
665.000 3.5394 1.03242
666.000 3.378 1.06504
667.000 3.32067 1.12164
668.000 3.12677 0.947064
669.000 2.91713 0.830113
670.000 2.80387 0.916634
671.000 2.67257 0.851915
672.000 2.5974 0.620259
673.000 2.49747 0.516213
674.000 2.35063 0.407716
675.000 2.56183 0.517422
676.000 2.67003 0.61261
677.000 2.9853 0.717396
678.000 3.16157 0.736855
679.000 3.00523 0.517776
680.000 2.9931 0.389301
681.000 3.06043 0.0672602
682.000 2.754 0.300488
683.000 2.53857 0.45941
684.000 2.27663 0.375884
685.000 2.2946 0.355863
686.000 2.4186 0.444535
687.000 2.2756 0.417545
688.000 2.13223 0.330558
689.000 2.29703 0.362769
690.000 2.3617 0.399314
691.000 2.18127 0.327017
692.000 2.20063 0.239947
693.000 2.4065 0.247341
694.000 2.35317 0.15248
695.000 2.18933 0.103389
696.000 1.95333 0.22281
697.000 1.60583 0.170102
698.000 1.58813 0.197317
699.000 1.6107 0.217448
700.000 1.6636 0.211419
701.000 1.79507 0.207115
702.000 1.84437 0.16676
703.000 1.95197 0.169464
704.000 2.0932 0.149146
705.000 2.24563 0.176864
706.000 2.33933 0.263614
707.000 2.09567 0.240378
708.000 2.0145 0.245085
709.000 2.09087 0.266208
710.000 1.96223 0.237758
711.000 1.75577 0.208981
712.000 1.82523 0.221004
713.000 1.88407 0.230923
714.000 1.68567 0.227115
715.000 1.46677 0.208291
716.000 1.42203 0.20082
717.000 1.44193 0.169202
718.000 1.52423 0.160246
719.000 1.52893 0.145993
720.000 1.7431 0.295843
721.000 1.85067 0.405003
722.000 1.9428 0.326221
723.000 1.8762 0.258774
724.000 1.86283 0.195694
725.000 1.8041 0.181668
726.000 1.85457 0.160969
727.000 1.73433 0.163773
728.000 1.5794 0.144933
729.000 1.64917 0.13486
730.000 1.67847 0.163429
731.000 1.45493 0.137026
732.000 1.2779 0.128866
733.000 1.32313 0.166997
734.000 1.31537 0.108306
735.000 1.44847 0.100773
736.000 1.59683 0.195189
737.000 1.72647 0.0290204
738.000 1.93963 0.0853767
739.000 1.69023 0.0875891
