358.000 2.90193 0.604795
359.000 3.2515 0.702287
360.000 3.47103 0.698857
361.000 3.84627 1.16217
362.000 3.97823 1.3751
363.000 4.26987 1.54212
364.000 4.2024 1.42388
365.000 4.47217 1.54058
366.000 4.9418 1.66643
367.000 5.3993 1.83574
368.000 5.8755 1.94031
369.000 6.3404 2.02764
370.000 6.63927 1.98586
371.000 6.7708 2.08238
372.000 7.11663 2.29537
373.000 7.15227 1.89637
374.000 7.37293 2.07728
375.000 7.082 2.05538
376.000 6.71867 1.92286
377.000 6.30083 1.9043
378.000 6.18663 1.82533
379.000 5.82287 1.71069
380.000 5.6659 1.72093
381.000 5.28153 1.54772
382.000 5.01327 1.57418
383.000 4.9014 1.52635
384.000 4.6636 1.54662
385.000 4.74017 1.54337
386.000 4.51577 1.38919
387.000 4.3091 1.16366
388.000 4.5677 1.57969
389.000 4.86827 1.90781
390.000 5.15673 1.95771
391.000 5.62643 2.07781
392.000 5.56543 1.9623
393.000 5.58377 1.87035
394.000 5.49183 1.72804
395.000 5.64417 1.7825
396.000 5.42257 1.56845
397.000 5.67697 1.45299
398.000 5.59597 1.20359
399.000 5.5879 1.26673
400.000 5.89607 1.52889
401.000 6.24017 1.76673
402.000 6.35327 1.98096
403.000 6.74127 2.2325
404.000 6.6998 2.38253
405.000 7.26903 2.62424
406.000 7.3048 2.38617
407.000 7.01633 2.3795
408.000 7.19603 2.52823
409.000 6.726 2.36589
410.000 6.49607 2.30731
411.000 6.88197 2.52501
412.000 6.8303 2.56256
413.000 6.30817 2.39624
414.000 6.37517 2.47901
415.000 6.76127 2.66415
416.000 6.49207 2.57823
417.000 6.08457 2.46051
418.000 6.41923 2.62912
419.000 6.73013 2.7056
420.000 6.30827 2.64135
421.000 6.2327 2.6501
422.000 6.29193 2.67834
423.000 6.0592 2.66526
424.000 5.9526 2.55658
425.000 6.00467 2.59264
426.000 5.94937 2.46317
427.000 6.1665 2.59867
428.000 6.0659 2.48599
429.000 6.52897 2.64349
430.000 6.41187 2.45332
431.000 5.92057 2.23331
432.000 5.89407 2.31017
433.000 5.56847 2.20832
434.000 5.27823 2.10321
435.000 5.34947 2.17676
436.000 5.1902 2.12355
437.000 5.54707 2.35113
438.000 5.25407 2.06667
439.000 4.99977 1.98669
440.000 4.5932 1.7804
441.000 4.7581 1.87641
442.000 5.1694 2.12451
443.000 4.99517 2.01611
444.000 4.82147 1.87894
445.000 5.2781 2.12717
446.000 5.52007 2.2562
447.000 5.27773 2.06475
448.000 5.4014 2.05355
449.000 5.93077 2.29542
450.000 5.99097 2.29633
451.000 5.83357 2.12155
452.000 6.18157 2.26678
453.000 6.69507 2.50502
454.000 7.07607 2.61489
455.000 7.61757 2.84494
456.000 7.69513 2.78452
457.000 7.613 2.86572
458.000 7.86453 2.96066
459.000 7.6145 2.9417
460.000 8.02913 3.03488
461.000 8.38093 3.25128
462.000 7.8332 3.14849
463.000 7.46947 3.09023
464.000 6.84273 2.83051
465.000 6.89183 3.01048
466.000 7.15573 3.10782
467.000 6.6723 2.79568
468.000 6.24693 2.66738
469.000 6.68147 2.95692
470.000 6.98123 2.84675
471.000 6.87137 2.8035
472.000 6.83993 2.86135
473.000 7.3317 3.10633
474.000 7.61063 3.14208
475.000 7.48587 3.07514
476.000 7.6875 3.26807
477.000 8.21517 3.42488
478.000 8.29083 3.2153
479.000 8.02093 3.19192
480.000 8.19957 3.08702
481.000 8.10037 3.01128
482.000 8.40047 3.08167
483.000 8.11257 2.87342
484.000 7.8857 2.7663
485.000 7.784 2.75083
486.000 7.71283 2.80104
487.000 7.2647 2.61329
488.000 6.93123 2.46332
489.000 6.75663 2.1575
490.000 7.1209 2.24264
491.000 6.99253 2.34577
492.000 6.39923 2.16556
493.000 6.6436 2.24315
494.000 6.86553 2.50659
495.000 7.38623 2.68455
496.000 7.58557 2.72663
497.000 8.06187 2.86326
498.000 8.33597 2.96796
499.000 8.64723 3.1248
500.000 8.9676 3.29705
501.000 9.09847 3.32168
502.000 9.96653 3.37383
503.000 10.2446 3.39503
504.000 10.5433 2.69801
505.000 10.7461 2.89171
506.000 10.5405 2.97851
507.000 10.3796 3.6071
508.000 9.90653 3.71497
509.000 9.312 3.23537
510.000 8.95363 3.09461
511.000 8.30737 2.88113
512.000 7.80363 2.67863
513.000 7.31487 2.58965
514.000 6.73417 2.3691
515.000 6.24303 2.18438
516.000 5.77387 2.02958
517.000 5.66347 1.98702
518.000 5.6054 1.98996
519.000 5.89127 2.0796
520.000 6.28697 2.17704
521.000 6.3918 2.22068
522.000 6.5067 2.25739
523.000 6.93403 2.40143
524.000 7.2122 2.44741
525.000 7.21347 2.47634
526.000 7.64373 2.60707
527.000 7.37893 2.5047
528.000 7.25217 2.41763
529.000 7.07493 2.36471
530.000 7.3678 2.36269
531.000 7.47027 2.4121
532.000 8.03323 2.64399
533.000 7.9323 2.60053
534.000 8.0342 2.61288
535.000 7.77463 2.55772
536.000 7.78577 2.54502
537.000 7.54243 2.43098
538.000 7.2269 2.22117
539.000 6.87933 2.11596
540.000 6.5583 1.96818
541.000 6.4071 1.96378
542.000 6.1745 1.93608
543.000 5.829 1.80221
544.000 5.57857 1.72529
545.000 5.43277 1.75492
546.000 5.20967 1.69928
547.000 4.8975 1.5351
548.000 4.6655 1.45568
549.000 4.57433 1.49743
550.000 4.3786 1.40747
551.000 4.09213 1.21368
552.000 3.9527 1.18431
553.000 3.9217 1.16104
554.000 3.8599 1.08623
555.000 3.44797 0.684823
556.000 3.22477 0.643995
557.000 3.35293 0.654601
558.000 3.55953 1.01199
559.000 3.80613 1.26215
560.000 4.1157 1.46634
561.000 4.63067 1.66718
562.000 5.0496 1.87657
563.000 5.6232 2.05184
564.000 6.0995 2.18929
565.000 6.7294 2.37258
566.000 7.32297 2.5695
567.000 7.88073 2.71627
568.000 8.45603 2.80005
569.000 8.8684 3.02219
570.000 9.0771 3.19429
571.000 9.3553 3.35778
572.000 9.7907 3.68199
573.000 9.85467 3.81101
574.000 10.3794 3.94548
575.000 10.1207 3.96802
576.000 9.7358 4.02405
577.000 9.59077 4.04813
578.000 9.64557 4.09569
579.000 10.0344 3.95068
580.000 9.72773 3.63556
581.000 9.3582 3.41868
582.000 9.4753 3.18891
583.000 9.38027 3.11841
584.000 8.8964 3.04469
585.000 8.86147 2.90203
586.000 9.07047 2.95393
587.000 8.74853 3.07168
588.000 8.44693 2.82316
589.000 8.33183 2.96605
590.000 8.0509 2.8209
591.000 7.5513 2.6107
592.000 7.2153 2.48104
593.000 6.78897 2.31082
594.000 6.39807 2.21249
595.000 5.83113 2.06869
596.000 5.24673 1.88409
597.000 4.81253 1.76666
598.000 4.30787 1.54886
599.000 3.9627 1.39398
600.000 3.64 1.11605
601.000 3.2789 0.873244
602.000 3.02637 0.715664
603.000 2.72977 0.581634
