0.050 0 0
0.150 0 0
0.250 0 0
0.350 0 0
0.450 0 0
0.550 0 0
0.650 0 0
0.750 0 0
0.850 0 0
0.950 0 0
1.050 0 0
1.150 0 0
1.250 0 0
1.350 0 0
1.450 0 0
1.550 0 0
1.650 0 0
1.750 6.99767e-05 9.8962e-05
1.850 0.0913833 0.0688812
1.950 0.364585 0.257853
2.050 0.114316 0.0830208
2.150 0.00871892 0.00752628
2.250 0.000338812 0.000392718
2.350 0 0
2.450 0 0
2.550 0 0
2.650 0 0
2.750 0 0
2.850 2.63931e-05 3.73254e-05
2.950 0 0
3.050 9.22123e-05 0.000130408
3.150 0.000216096 0.000305606
3.250 0.000651372 0.000874629
3.350 0.00155093 0.00186392
3.450 0.00325536 0.00270365
3.550 0.00659893 0.00423868
3.650 0.0136316 0.00730109
3.750 0.024735 0.0131945
3.850 0.0335058 0.0166241
3.950 0.0358223 0.0155563
4.050 0.0357354 0.0112606
4.150 0.0348684 0.00725757
4.250 0.0378128 0.00709022
4.350 0.0413453 0.0088407
4.450 0.0414666 0.00889085
4.550 0.0391545 0.011854
4.650 0.0316757 0.0104128
4.750 0.0274339 0.00946947
4.850 0.0230488 0.00816365
4.950 0.0200884 0.0061047
5.050 0.0184431 0.00478683
5.150 0.0163424 0.00220266
5.250 0.0148227 0.00123105
5.350 0.0130921 0.00101214
5.450 0.0128952 0.00278865
5.550 0.0127546 0.00281708
5.650 0.0132723 0.00407623
5.750 0.0140589 0.00469125
5.850 0.0156546 0.00446774
5.950 0.0179446 0.00350799
6.050 0.0218285 0.00160731
6.150 0.024393 0.0014945
6.250 0.0265936 0.00205825
6.350 0.0263215 0.00190638
6.450 0.025906 0.00320028
6.550 0.0269476 0.00321152
6.650 0.0286063 0.00379475
6.750 0.0291674 0.00357927
6.850 0.0280977 0.00337609
6.950 0.02551 0.00315856
7.050 0.0220662 0.00309093
7.150 0.0184679 0.00222652
7.250 0.0160681 0.000742888
7.350 0.0144365 0.000708234
7.450 0.0130424 0.000857523
7.550 0.0125646 0.00141228
7.650 0.0122567 0.0017007
7.750 0.0116864 0.00217533
7.850 0.011871 0.00268732
7.950 0.0117739 0.00270168
8.050 0.0119283 0.00290778
8.150 0.0120511 0.00315585
8.250 0.0125399 0.00320367
8.350 0.0124395 0.00337438
8.450 0.0128741 0.00314013
8.550 0.012592 0.00303104
8.650 0.0128526 0.00334221
8.750 0.0122165 0.00341056
8.850 0.0124881 0.00344947
8.950 0.0125256 0.00386024
9.050 0.0123699 0.00379913
9.150 0.0122449 0.00387244
9.250 0.012738 0.00417375
9.350 0.0127093 0.00406657
9.450 0.0126224 0.00402373
9.550 0.0125167 0.00385162
9.650 0.0128016 0.00443089
9.750 0.0127423 0.00445394
9.850 0.0128635 0.00483077
9.950 0.0129813 0.00467454
10.050 0.0126498 0.00433402
10.150 0.0131383 0.00433481
10.250 0.0136407 0.00404461
10.350 0.0137287 0.00386347
10.450 0.0143157 0.00290738
10.550 0.0151869 0.00248065
10.650 0.0151401 0.00181956
10.750 0.0158327 0.00195961
10.850 0.0164294 0.00149991
10.950 0.0168948 0.00179462
11.050 0.0170731 0.00175445
11.150 0.0171184 0.00158698
11.250 0.01732 0.00196035
11.350 0.0173286 0.00169087
11.450 0.0170033 0.00168331
11.550 0.0169971 0.00160731
11.650 0.0173394 0.00189704
11.750 0.0171169 0.00146998
11.850 0.0171475 0.0011848
11.950 0.0170336 0.00119067
12.050 0.0172533 0.00106025
12.150 0.017104 0.00129275
12.250 0.0172077 0.00105301
12.350 0.017493 0.00154458
12.450 0.0172806 0.00174133
12.550 0.017103 0.00179218
12.650 0.0172838 0.00165058
12.750 0.016813 0.00141369
12.850 0.0162521 0.00125868
12.950 0.0163679 0.000689479
13.050 0.0158452 0.000341159
13.150 0.0157708 0.000408081
13.250 0.0157728 0.0003478
13.350 0.015598 0.000471871
13.450 0.0158961 0.000618432
13.550 0.0159333 0.000689245
13.650 0.0159615 0.000808815
13.750 0.0161665 0.00108702
13.850 0.0164717 0.00128413
13.950 0.0169663 0.00127864
14.050 0.0173672 0.001213
14.150 0.0176309 0.00138805
14.250 0.0180344 0.00124788
14.350 0.0178777 0.0011678
14.450 0.0178319 0.00136375
14.550 0.0176556 0.00147862
14.650 0.0175447 0.00163269
14.750 0.0176415 0.00176181
14.850 0.017327 0.00176657
14.950 0.0174998 0.00176839
15.050 0.0175658 0.00210062
15.150 0.0177909 0.00220481
15.250 0.0180867 0.00243477
15.350 0.0184288 0.00253963
15.450 0.0184389 0.00256531
15.550 0.0190918 0.00294128
15.650 0.0194273 0.00272717
15.750 0.0200743 0.00330146
15.850 0.0206083 0.0031156
15.950 0.020914 0.0031366
16.050 0.0214462 0.00310625
16.150 0.0216163 0.00296749
16.250 0.0220729 0.00288769
16.350 0.0225996 0.00287868
16.450 0.0227356 0.00305796
16.550 0.023376 0.00309851
16.650 0.0232826 0.00330054
16.750 0.0234066 0.00321409
16.850 0.0238635 0.0034304
16.950 0.0240749 0.00313482
17.050 0.0243921 0.0033982
17.150 0.0247071 0.00339386
17.250 0.0251393 0.00321312
17.350 0.0255085 0.00319146
17.450 0.0258195 0.00326489
17.550 0.0261688 0.00308966
17.650 0.0266349 0.00331969
17.750 0.0270607 0.00293417
17.850 0.0270108 0.00287089
17.950 0.0274979 0.0027926
18.050 0.0280634 0.00282866
18.150 0.0282626 0.00263505
18.250 0.0289795 0.00296058
18.350 0.0292831 0.00288273
18.450 0.0296677 0.00331056
18.550 0.0301101 0.00347264
18.650 0.0309993 0.00391297
18.750 0.031531 0.00416012
18.850 0.0319929 0.00477504
18.950 0.0328823 0.00479891
19.050 0.0332525 0.00507775
19.150 0.034209 0.00511409
19.250 0.035136 0.00545185
19.350 0.035863 0.00564576
19.450 0.0367115 0.00545062
19.550 0.0373672 0.00631484
19.650 0.0381475 0.00612729
19.750 0.038642 0.00580041
19.850 0.039386 0.00625596
19.950 0.0404029 0.00609533
