0.050 0
0.150 0
0.250 0
0.350 0
0.450 0
0.550 0
0.650 0
0.750 0
0.850 0
0.950 0
1.050 0
1.150 0
1.250 0
1.350 0
1.450 0
1.550 0
1.650 0
1.750 0
1.850 0
1.950 0
2.050 0
2.150 0
2.250 0
2.350 0
2.450 0
2.550 0
2.650 0
2.750 0
2.850 0
2.950 0
3.050 8.08609e-05
3.150 0
3.250 0.00135403
3.350 0.00382316
3.450 0.00790517
3.550 0.0168436
3.650 0.0306802
3.750 0.0449102
3.850 0.0580459
3.950 0.0636836
4.050 0.0536021
4.150 0.0556832
4.250 0.0541356
4.350 0.056091
4.450 0.0454636
4.550 0.0313792
4.650 0.0215496
4.750 0.0167149
4.850 0.0145288
4.950 0.00998457
5.050 0.00690695
5.150 0.00386002
5.250 0.00357778
5.350 0.00389239
5.450 0.00646256
5.550 0.00830905
5.650 0.012946
5.750 0.0165295
5.850 0.0203685
5.950 0.0228578
6.050 0.0237127
6.150 0.0227886
6.250 0.0211209
6.350 0.01837
6.450 0.0163392
6.550 0.0151598
6.650 0.0143328
6.750 0.0142087
6.850 0.0145509
6.950 0.0139481
7.050 0.0130706
7.150 0.0122806
7.250 0.0119154
7.350 0.0115377
7.450 0.0100094
7.550 0.0108817
7.650 0.0111651
7.750 0.0106281
7.850 0.010921
7.950 0.010922
8.050 0.0111751
8.150 0.00992781
8.250 0.0113919
8.350 0.0111531
8.450 0.0105111
8.550 0.0108227
8.650 0.0111574
8.750 0.0104025
8.850 0.0095151
8.950 0.00993341
9.050 0.00960479
9.150 0.00917119
9.250 0.00905319
9.350 0.00902419
9.450 0.00904493
9.550 0.0085016
9.650 0.00979748
9.750 0.0111575
9.850 0.0118245
9.950 0.0126448
10.050 0.0139745
10.150 0.0137955
10.250 0.0149033
10.350 0.0140827
10.450 0.0139868
10.550 0.0134456
10.650 0.0134066
10.750 0.0133538
10.850 0.0138185
10.950 0.0137305
11.050 0.0147656
11.150 0.0152527
11.250 0.0147568
11.350 0.0155613
11.450 0.0154516
11.550 0.0159244
11.650 0.0165284
11.750 0.0168318
11.850 0.0171386
11.950 0.0174908
12.050 0.0178911
12.150 0.0174602
12.250 0.0174923
12.350 0.0171066
12.450 0.0167552
12.550 0.0164511
12.650 0.0155991
12.750 0.0146933
12.850 0.0146797
12.950 0.0149431
13.050 0.0140078
13.150 0.0134952
13.250 0.0130564
13.350 0.0128277
13.450 0.0124297
13.550 0.0125257
13.650 0.0120317
13.750 0.0123152
13.850 0.0123892
13.950 0.012425
14.050 0.0125958
14.150 0.0127153
14.250 0.0132382
14.350 0.0133212
14.450 0.0131195
14.550 0.0130962
14.650 0.0129672
14.750 0.013086
14.850 0.0131494
14.950 0.0131188
15.050 0.0128321
15.150 0.0125254
15.250 0.0128343
15.350 0.0125462
15.450 0.0124885
15.550 0.0131657
15.650 0.0128689
15.750 0.0129185
15.850 0.0131037
15.950 0.0129931
16.050 0.0130567
16.150 0.0132735
16.250 0.0129083
16.350 0.0132297
16.450 0.013022
16.550 0.0137199
16.650 0.013675
16.750 0.0133834
16.850 0.0136016
16.950 0.0138345
17.050 0.0141078
17.150 0.014407
17.250 0.0141139
17.350 0.0146769
17.450 0.0148207
17.550 0.0153098
17.650 0.0153688
17.750 0.0153155
17.850 0.015709
17.950 0.0159924
18.050 0.0158273
18.150 0.0163389
18.250 0.0161399
18.350 0.0161322
18.450 0.0167141
18.550 0.0167948
18.650 0.0165155
18.750 0.0172157
18.850 0.0173302
18.950 0.017307
19.050 0.0174659
19.150 0.0176905
19.250 0.0178708
19.350 0.0184727
19.450 0.0182554
19.550 0.0183724
19.650 0.019067
19.750 0.0191949
19.850 0.0191471
19.950 0.0193452
