0.050 0
0.150 0
0.250 0
0.350 0
0.450 0
0.550 0
0.650 0
0.750 0
0.850 0
0.950 0
1.050 0
1.150 0
1.250 0
1.350 0
1.450 0
1.550 0
1.650 0
1.750 0
1.850 0.00861091
1.950 0.107692
2.050 0.104457
2.150 0.0256714
2.250 0.00275768
2.350 0.00014042
2.450 0
2.550 0
2.650 0.00011043
2.750 0
2.850 0
2.950 0
3.050 0
3.150 0.000156396
3.250 0.000734334
3.350 0.00165884
3.450 0.00638661
3.550 0.0178495
3.650 0.0372633
3.750 0.0508576
3.850 0.0718518
3.950 0.0859091
4.050 0.0916033
4.150 0.0890886
4.250 0.0783752
4.350 0.0644419
4.450 0.0530779
4.550 0.0382934
4.650 0.0294533
4.750 0.0196656
4.850 0.0147408
4.950 0.0118086
5.050 0.0107981
5.150 0.00915438
5.250 0.00889343
5.350 0.00967528
5.450 0.0118306
5.550 0.0140272
5.650 0.0164511
5.750 0.0188636
5.850 0.0191535
5.950 0.0195888
6.050 0.018438
6.150 0.0183354
6.250 0.0174158
6.350 0.0179105
6.450 0.0165577
6.550 0.0140128
6.650 0.0138576
6.750 0.0114751
6.850 0.0113741
6.950 0.0109527
7.050 0.00995752
7.150 0.0112135
7.250 0.010552
7.350 0.0115449
7.450 0.0110552
7.550 0.0114992
7.650 0.0116381
7.750 0.0119467
7.850 0.0129156
7.950 0.013145
8.050 0.0135267
8.150 0.0134655
8.250 0.013859
8.350 0.0146417
8.450 0.0154597
8.550 0.0165539
8.650 0.0179566
8.750 0.0180855
8.850 0.0181247
8.950 0.0166374
9.050 0.0171621
9.150 0.0167612
9.250 0.0158023
9.350 0.015697
9.450 0.0145499
9.550 0.013881
9.650 0.0139864
9.750 0.0134725
9.850 0.0134242
9.950 0.014002
10.050 0.0137171
10.150 0.0145248
10.250 0.0144273
10.350 0.0153665
10.450 0.0154716
10.550 0.0153051
10.650 0.0151286
10.750 0.0157211
10.850 0.0157752
10.950 0.015372
11.050 0.0158954
11.150 0.0152248
11.250 0.0153292
11.350 0.0148857
11.450 0.014396
11.550 0.0140605
11.650 0.0138317
11.750 0.0140523
11.850 0.0136394
11.950 0.013977
12.050 0.0137461
12.150 0.0139463
12.250 0.0136731
12.350 0.0142408
12.450 0.0132423
12.550 0.0137315
12.650 0.0136316
12.750 0.014039
12.850 0.0135018
12.950 0.0135762
13.050 0.0132369
13.150 0.0132382
13.250 0.0135119
13.350 0.0135192
13.450 0.0132846
13.550 0.0136596
13.650 0.0131604
13.750 0.0134005
13.850 0.0134909
13.950 0.0130629
14.050 0.0134788
14.150 0.0135021
14.250 0.0136914
14.350 0.0138404
14.450 0.0133039
14.550 0.0135907
14.650 0.0134347
14.750 0.0133744
14.850 0.0133603
14.950 0.0140845
15.050 0.0139938
15.150 0.0135799
15.250 0.0139627
15.350 0.0134621
15.450 0.0136555
15.550 0.0132496
15.650 0.0138505
15.750 0.0139503
15.850 0.0139076
15.950 0.0138771
16.050 0.0139275
16.150 0.0142552
16.250 0.0142419
16.350 0.0143962
16.450 0.0138576
16.550 0.0145488
16.650 0.0144445
16.750 0.0147757
16.850 0.0146965
16.950 0.0150529
17.050 0.0149061
17.150 0.0152735
17.250 0.0154645
17.350 0.0149517
17.450 0.0149616
17.550 0.0152073
17.650 0.0150827
17.750 0.0156716
17.850 0.0149609
17.950 0.0153821
18.050 0.0151241
18.150 0.0153182
18.250 0.0156445
18.350 0.0158063
18.450 0.016057
18.550 0.0155912
18.650 0.0161761
18.750 0.0162975
18.850 0.0164459
18.950 0.0168021
19.050 0.0169682
19.150 0.0170071
19.250 0.0172245
19.350 0.0175939
19.450 0.0179096
19.550 0.0181327
19.650 0.0178502
19.750 0.0184098
19.850 0.0182129
19.950 0.0186798
