0.050 0
0.150 0
0.250 0
0.350 0
0.450 0
0.550 0
0.650 0
0.750 0
0.850 0
0.950 0
1.050 0
1.150 0
1.250 0
1.350 0
1.450 0
1.550 0
1.650 0
1.750 0
1.850 0
1.950 0
2.050 0
2.150 0
2.250 0
2.350 0
2.450 0
2.550 0
2.650 0
2.750 0
2.850 0
2.950 0
3.050 9.48749e-05
3.150 8.8989e-05
3.250 0.00091974
3.350 0.00369872
3.450 0.00957185
3.550 0.0264201
3.650 0.042626
3.750 0.0566494
3.850 0.0666151
3.950 0.0656625
4.050 0.0685445
4.150 0.0638453
4.250 0.0578447
4.350 0.0545158
4.450 0.0413446
4.550 0.0304603
4.650 0.0209134
4.750 0.0156188
4.850 0.013442
4.950 0.0113183
5.050 0.0112555
5.150 0.0115219
5.250 0.010959
5.350 0.0112629
5.450 0.0132916
5.550 0.0153689
5.650 0.0172922
5.750 0.0217447
5.850 0.0255757
5.950 0.0292887
6.050 0.0359778
6.150 0.0352609
6.250 0.0345939
6.350 0.032111
6.450 0.028809
6.550 0.0255686
6.650 0.0240066
6.750 0.0215171
6.850 0.0221169
6.950 0.0208451
7.050 0.0213953
7.150 0.0197816
7.250 0.0207689
7.350 0.0206653
7.450 0.0212759
7.550 0.0198949
7.650 0.0196348
7.750 0.0189989
7.850 0.0194639
7.950 0.0191451
8.050 0.018686
8.150 0.0192408
8.250 0.0180245
8.350 0.0189383
8.450 0.0188514
8.550 0.0196334
8.650 0.0194416
8.750 0.018273
8.850 0.0189675
8.950 0.0184028
9.050 0.018613
9.150 0.0176387
9.250 0.0179407
9.350 0.01863
9.450 0.0171893
9.550 0.0170249
9.650 0.0172619
9.750 0.0176158
9.850 0.0182249
9.950 0.0172448
10.050 0.0177078
10.150 0.0174979
10.250 0.0164939
10.350 0.0175371
10.450 0.0158525
10.550 0.0161645
10.650 0.0157377
10.750 0.0161035
10.850 0.0158681
10.950 0.0155575
11.050 0.015364
11.150 0.0153099
11.250 0.0150389
11.350 0.0152412
11.450 0.0143362
11.550 0.0139103
11.650 0.0138416
11.750 0.0141764
11.850 0.0137936
11.950 0.013706
12.050 0.0137775
12.150 0.0127738
12.250 0.0132489
12.350 0.0133884
12.450 0.0134135
12.550 0.0139577
12.650 0.0134177
12.750 0.0130559
12.850 0.0134579
12.950 0.0131614
13.050 0.0132767
13.150 0.0130297
13.250 0.0131607
13.350 0.0127661
13.450 0.012782
13.550 0.0123391
13.650 0.0125193
13.750 0.0126835
13.850 0.0129568
13.950 0.0120819
14.050 0.0124206
14.150 0.012378
14.250 0.0126528
14.350 0.0128118
14.450 0.0126688
14.550 0.0127331
14.650 0.0128972
14.750 0.0130925
14.850 0.0132612
14.950 0.0137286
15.050 0.0142329
15.150 0.0142189
15.250 0.014766
15.350 0.0146717
15.450 0.014634
15.550 0.015188
15.650 0.0146519
15.750 0.0146943
15.850 0.0145341
15.950 0.0146197
16.050 0.0142907
16.150 0.0147238
16.250 0.015152
16.350 0.0150497
16.450 0.0146062
16.550 0.0151235
16.650 0.0154331
16.750 0.0154067
16.850 0.0159337
16.950 0.0158169
17.050 0.015638
17.150 0.0157775
17.250 0.0159601
17.350 0.0159352
17.450 0.015785
17.550 0.0156486
17.650 0.0162005
17.750 0.015696
17.850 0.0156537
17.950 0.0158197
18.050 0.0154524
18.150 0.0156956
18.250 0.0156195
18.350 0.0158667
18.450 0.015716
18.550 0.0156779
18.650 0.0157921
18.750 0.0161467
18.850 0.0156701
18.950 0.0160142
19.050 0.016046
19.150 0.0163172
19.250 0.0164819
19.350 0.0164676
19.450 0.016691
19.550 0.0166269
19.650 0.0166754
19.750 0.0164481
19.850 0.0170651
19.950 0.0170698
