0.050 0 0
0.150 0 0
0.250 0 0
0.350 0 0
0.450 0 0
0.550 0 0
0.650 0 0
0.750 0 0
0.850 0 0
0.950 0 0
1.050 0 0
1.150 0 0
1.250 0 0
1.350 0 0
1.450 0 0
1.550 0 0
1.650 0 0
1.750 0 0
1.850 0.0028703 0.00405922
1.950 0.0358973 0.0507665
2.050 0.034819 0.0492415
2.150 0.00855713 0.0121016
2.250 0.000919227 0.00129998
2.350 4.68067e-05 6.61946e-05
2.450 0 0
2.550 0 0
2.650 3.681e-05 5.20572e-05
2.750 0 0
2.850 0 0
2.950 0 0
3.050 5.85786e-05 4.18146e-05
3.150 8.1795e-05 6.40507e-05
3.250 0.0010027 0.000259702
3.350 0.00306024 0.000992241
3.450 0.00795454 0.00130084
3.550 0.0203711 0.00429698
3.650 0.0368565 0.00488533
3.750 0.0508057 0.00479265
3.850 0.0655043 0.0056907
3.950 0.0717517 0.0100433
4.050 0.07125 0.0156314
4.150 0.069539 0.0142196
4.250 0.0634518 0.0106605
4.350 0.0583496 0.00435566
4.450 0.0466287 0.00486043
4.550 0.0333776 0.00349616
4.650 0.0239721 0.00388449
4.750 0.0173331 0.00170895
4.850 0.0142372 0.000568913
4.950 0.0110372 0.000770737
5.050 0.00965352 0.00195107
5.150 0.00817877 0.00320312
5.250 0.00781007 0.00310922
5.350 0.00827686 0.00316731
5.450 0.0105283 0.0029361
5.550 0.0125684 0.00306121
5.650 0.0155631 0.00188216
5.750 0.0190459 0.002133
5.850 0.0216992 0.00278559
5.950 0.0239118 0.00402949
6.050 0.0260428 0.00734771
6.150 0.0254616 0.00716366
6.250 0.0243769 0.00738118
6.350 0.0227972 0.00658855
6.450 0.0205686 0.0058275
6.550 0.0182471 0.00519824
6.650 0.017399 0.0046763
6.750 0.0157336 0.00423906
6.850 0.016014 0.0045061
6.950 0.0152486 0.00414193
7.050 0.0148078 0.00482833
7.150 0.0144252 0.00381249
7.250 0.0144121 0.00452927
7.350 0.0145826 0.0043011
7.450 0.0141135 0.00508255
7.550 0.0140919 0.00411105
7.650 0.014146 0.00388597
7.750 0.0138579 0.00367488
7.850 0.0144335 0.00364905
7.950 0.014404 0.00347311
8.050 0.0144626 0.00313691
8.150 0.0142114 0.00383842
8.250 0.0144251 0.00273718
8.350 0.014911 0.003184
8.450 0.0149407 0.00342463
8.550 0.01567 0.00365085
8.650 0.0161852 0.00360651
8.750 0.015587 0.00366679
8.850 0.0155358 0.00427114
8.950 0.0149912 0.0036483
9.050 0.0151266 0.0039492
9.150 0.0145237 0.00380171
9.250 0.0142654 0.00378757
9.350 0.0144504 0.0040194
9.450 0.0135947 0.00339283
9.550 0.0131358 0.00351929
9.650 0.0136819 0.00305493
9.750 0.0140819 0.00267157
9.850 0.0144912 0.0027197
9.950 0.0146305 0.00192982
10.050 0.0151331 0.00182359
10.150 0.0152727 0.00160135
10.250 0.0152748 0.000883643
10.350 0.0156621 0.00142566
10.450 0.0151036 0.000804885
10.550 0.0149717 0.00113474
10.650 0.0147576 0.000987157
10.750 0.0150595 0.00121615
10.850 0.0151539 0.000945055
10.950 0.0148867 0.000821033
11.050 0.0153417 0.000461509
11.150 0.0152625 3.54217e-05
11.250 0.0150416 0.000233689
11.350 0.0152294 0.000275939
11.450 0.0147279 0.000512292
11.550 0.0146317 0.000916108
11.650 0.0147339 0.00126891
11.750 0.0150202 0.00128202
11.850 0.0148572 0.00161442
11.950 0.0150579 0.00172385
12.050 0.0151382 0.00194661
12.150 0.0147268 0.00199122
12.250 0.0148048 0.00190825
12.350 0.0149119 0.0015904
12.450 0.0144703 0.00161716
12.550 0.0147134 0.00123218
12.650 0.0142161 0.000981796
12.750 0.0139294 0.000672943
12.850 0.0138798 0.000565899
12.950 0.0138936 0.000761207
13.050 0.0135071 0.000354397
13.150 0.0132544 0.000190383
13.250 0.013243 0.00019485
13.350 0.0130377 0.000341423
13.450 0.0128321 0.000350805
13.550 0.0128415 0.000583502
13.650 0.0125705 0.000462208
13.750 0.0127997 0.00045063
13.850 0.0129456 0.000449836
13.950 0.0125233 0.000406475
14.050 0.0128317 0.000463102
14.150 0.0128651 0.000470983
14.250 0.0131941 0.00042515
14.350 0.0133245 0.000419931
14.450 0.0130307 0.000266768
14.550 0.01314 0.000351481
14.650 0.0130997 0.000238598
14.750 0.0131843 0.000134447
14.850 0.013257 8.61516e-05
14.950 0.013644 0.000398762
15.050 0.0136863 0.000611824
15.150 0.0134414 0.00069827
15.250 0.0138543 0.000792327
15.350 0.01356 0.000870489
15.450 0.0135927 0.000877023
15.550 0.0138678 0.000934174
15.650 0.0137904 0.000729145
15.750 0.0138544 0.000728134
15.850 0.0138485 0.000585453
15.950 0.01383 0.000664892
16.050 0.0137583 0.00051779
16.150 0.0140842 0.000604308
16.250 0.0141007 0.00092141
16.350 0.0142252 0.000752786
16.450 0.0138286 0.000647072
16.550 0.0144641 0.000576141
16.650 0.0145175 0.000719597
16.750 0.0145219 0.000845275
16.850 0.0147439 0.000952666
16.950 0.0149014 0.000816368
17.050 0.014884 0.000624898
17.150 0.0151527 0.000565991
17.250 0.0151795 0.000780185
17.350 0.0151879 0.000540176
17.450 0.0151891 0.000425273
17.550 0.0153886 0.000188573
17.650 0.0155507 0.000474114
17.750 0.015561 0.000173904
17.850 0.0154412 0.000340373
17.950 0.0157314 0.000256858
18.050 0.0154679 0.00028729
18.150 0.0157842 0.000421386
18.250 0.0158013 0.000239644
18.350 0.0159351 0.000141558
18.450 0.0161624 0.000414228
18.550 0.0160213 0.000548091
18.650 0.0161612 0.000295514
18.750 0.0165533 0.000472416
18.850 0.0164821 0.000678215
18.950 0.0167078 0.000531982
19.050 0.0168267 0.000588244
19.150 0.0170049 0.000560649
19.250 0.0171924 0.00056747
19.350 0.0175114 0.000820655
19.450 0.0176187 0.000670979
19.550 0.0177107 0.000772561
19.650 0.0178642 0.000976417
19.750 0.0180176 0.00115516
19.850 0.0181417 0.000851463
19.950 0.0183649 0.000955237
