0.050 0
0.150 0
0.250 0
0.350 0
0.450 0
0.550 0
0.650 0
0.750 0
0.850 0
0.950 0
1.050 0
1.150 0
1.250 0
1.350 0
1.450 0
1.550 0
1.650 0
1.750 0.00020993
1.850 0.107856
1.950 0.540535
2.050 0.194659
2.150 0.0183654
2.250 0.000889329
2.350 0
2.450 0
2.550 0
2.650 0
2.750 0
2.850 0
2.950 0
3.050 0
3.150 0
3.250 0
3.350 0.000343904
3.450 0.00237776
3.550 0.0059205
3.650 0.020519
3.750 0.0382384
3.850 0.0476472
3.950 0.0453478
4.050 0.0361168
4.150 0.0274132
4.250 0.0289873
4.350 0.0379357
4.450 0.0471964
4.550 0.0533783
4.650 0.0463177
4.750 0.0407961
4.850 0.034373
4.950 0.0282468
5.050 0.0248439
5.150 0.01865
5.250 0.0160093
5.350 0.0119107
5.450 0.00900891
5.550 0.00877067
5.650 0.0076972
5.750 0.00743191
5.850 0.00934146
5.950 0.012991
6.050 0.0197001
6.150 0.0246938
6.250 0.0291465
6.350 0.0290014
6.450 0.0296088
6.550 0.0298661
6.650 0.0318838
6.750 0.0319344
6.850 0.0315709
6.950 0.0283651
7.050 0.0258319
7.150 0.0212642
7.250 0.016839
7.350 0.0148242
7.450 0.0121225
7.550 0.0107992
7.650 0.00985928
7.750 0.00861049
7.850 0.008142
7.950 0.00795884
8.050 0.00785163
8.150 0.00759237
8.250 0.00802372
8.350 0.0077035
8.450 0.00847722
8.550 0.00830653
8.650 0.00813275
8.750 0.00740178
8.850 0.00761325
8.950 0.00706671
9.050 0.00699776
9.150 0.00677648
9.250 0.00690891
9.350 0.00699005
9.450 0.00700126
9.550 0.00715878
9.650 0.00676246
9.750 0.00663802
9.850 0.00642431
9.950 0.0066142
10.050 0.00686533
10.150 0.00716158
10.250 0.00836342
10.350 0.00899518
10.450 0.0107441
10.550 0.0123214
10.650 0.0134749
10.750 0.0149064
10.850 0.0163267
10.950 0.0172906
11.050 0.0174268
11.150 0.0184144
11.250 0.0186627
11.350 0.0184153
11.450 0.0179134
11.550 0.0174793
11.650 0.0174648
11.750 0.0166423
11.850 0.0168573
11.950 0.0172971
12.050 0.0178307
12.150 0.0182313
12.250 0.0181191
12.350 0.0192525
12.450 0.0192805
12.550 0.0195013
12.650 0.0195198
12.750 0.0186332
12.850 0.0180288
12.950 0.0173142
13.050 0.0162944
13.150 0.0158801
13.250 0.0153702
13.350 0.0151733
13.450 0.0150373
13.550 0.014974
13.650 0.0148417
13.750 0.0148885
13.850 0.0147279
13.950 0.0152282
14.050 0.0157128
14.150 0.0159638
14.250 0.0166813
14.350 0.016534
14.450 0.0165801
14.550 0.01635
14.650 0.0159806
14.750 0.0164299
14.850 0.0157456
14.950 0.0159847
15.050 0.0154293
15.150 0.0154448
15.250 0.0154947
15.350 0.01546
15.450 0.0153629
15.550 0.0154772
15.650 0.0157923
15.750 0.0156701
15.850 0.0165049
15.950 0.0166728
16.050 0.0173522
16.150 0.0177643
16.250 0.0184622
16.350 0.0191106
16.450 0.0191928
16.550 0.0201615
16.650 0.0199225
16.750 0.0204626
16.850 0.0203835
16.950 0.0209854
17.050 0.0214747
17.150 0.0213474
17.250 0.0219696
17.350 0.0224202
17.450 0.0228548
17.550 0.0232989
17.650 0.0236282
17.750 0.024065
17.850 0.0242423
17.950 0.0248094
18.050 0.0252383
18.150 0.025451
18.250 0.0257503
18.350 0.0263416
18.450 0.0259831
18.550 0.0262831
18.650 0.0268343
18.750 0.0268324
18.850 0.0271042
18.950 0.028046
19.050 0.0280377
19.150 0.0291384
19.250 0.0299439
19.350 0.0304976
19.450 0.03162
19.550 0.0315649
19.650 0.0325555
19.750 0.0335344
19.850 0.0340169
19.950 0.0351022
