0.050 0
0.150 0
0.250 0
0.350 0
0.450 0
0.550 0
0.650 0
0.750 0
0.850 0
0.950 0
1.050 0
1.150 0
1.250 0
1.350 0
1.450 0
1.550 0
1.650 0
1.750 0
1.850 0.166294
1.950 0.55322
2.050 0.14829
2.150 0.00779137
2.250 0.000127107
2.350 0
2.450 0
2.550 0
2.650 0
2.750 0
2.850 7.91792e-05
2.950 0
3.050 0.000276637
3.150 0.000648288
3.250 0.00188769
3.350 0.00418388
3.450 0.00691704
3.550 0.0120961
3.650 0.0168498
3.750 0.0291361
3.850 0.0427003
3.950 0.0482336
4.050 0.0493321
4.150 0.0447053
4.250 0.0381037
4.350 0.0326329
4.450 0.028909
4.550 0.0243589
4.650 0.0229953
4.750 0.0215241
4.850 0.0193332
4.950 0.0184549
5.050 0.0171512
5.150 0.0170008
5.250 0.0153326
5.350 0.0143827
5.450 0.0154191
5.550 0.014743
5.650 0.01479
5.750 0.017101
5.850 0.018589
5.950 0.0201861
6.050 0.0235838
6.150 0.0260543
6.250 0.0265283
6.350 0.0252366
6.450 0.0218008
6.550 0.0224746
6.650 0.0232874
6.750 0.0241131
6.850 0.0235239
6.950 0.0211074
7.050 0.018261
7.150 0.0158161
7.250 0.0150645
7.350 0.0134429
7.450 0.0128179
7.550 0.0126385
7.650 0.0132885
7.750 0.0132692
7.850 0.0131003
7.950 0.0138618
8.050 0.0134997
8.150 0.0141097
8.250 0.0151119
8.350 0.0153148
8.450 0.015612
8.550 0.0146507
8.650 0.0154315
8.750 0.0143752
8.850 0.0147666
8.950 0.0153057
9.050 0.014985
9.150 0.0152355
9.250 0.0164565
9.350 0.0160917
9.450 0.0161995
9.550 0.0160455
9.650 0.0172688
9.750 0.0171397
9.850 0.0180597
9.950 0.017705
10.050 0.0172972
10.150 0.0173077
10.250 0.0181901
10.350 0.0184587
10.450 0.0178656
10.550 0.0183724
10.650 0.0176717
10.750 0.0185578
10.850 0.0183156
10.950 0.0188679
11.050 0.019023
11.150 0.0180573
11.250 0.0187492
11.350 0.01863
11.450 0.0184532
11.550 0.0186798
11.650 0.0195976
11.750 0.019107
11.850 0.0187217
11.950 0.0183421
12.050 0.018163
12.150 0.0177869
12.250 0.017772
12.350 0.0177342
12.450 0.0175251
12.550 0.0166139
12.650 0.0167462
12.750 0.0166191
12.850 0.0154577
12.950 0.0160982
13.050 0.0157732
13.150 0.0152254
13.250 0.0157293
13.350 0.0153645
13.450 0.0161824
13.550 0.0162633
13.650 0.0163192
13.750 0.0160657
13.850 0.0169043
13.950 0.0174032
14.050 0.0178016
14.150 0.0175668
14.250 0.0177298
14.350 0.0177179
14.450 0.0171871
14.550 0.0168939
14.650 0.0168558
14.750 0.0163619
14.850 0.0164428
14.950 0.0165343
15.050 0.0168464
15.150 0.0171852
15.250 0.0174198
15.350 0.0181627
15.450 0.018311
15.550 0.0191164
15.650 0.0201283
15.750 0.0209341
15.850 0.0212699
15.950 0.0219092
16.050 0.022114
16.150 0.0221
16.250 0.0222258
16.350 0.0225275
16.450 0.0223591
16.550 0.0224043
16.650 0.0221569
16.750 0.0218794
16.850 0.0226762
16.950 0.0228662
17.050 0.0225435
17.150 0.0234185
17.250 0.0239044
17.350 0.0242023
17.450 0.0242363
17.550 0.0247503
17.650 0.0250157
17.750 0.026072
17.850 0.0258231
17.950 0.0263367
18.050 0.0270231
18.150 0.0275502
18.250 0.0282862
18.350 0.0283092
18.450 0.0290085
18.550 0.0293582
18.650 0.0299264
18.750 0.0308139
18.850 0.0304027
18.950 0.0311771
19.050 0.0315845
19.150 0.0322781
19.250 0.0327959
19.350 0.0334251
19.450 0.0342452
19.550 0.034389
19.650 0.0352109
19.750 0.0356369
19.850 0.0359808
19.950 0.0371662
