0.050 0
0.150 0
0.250 0
0.350 0
0.450 0
0.550 0
0.650 0
0.750 0
0.850 0
0.950 0
1.050 0
1.150 0
1.250 0
1.350 0
1.450 0
1.550 0
1.650 0
1.750 0
1.850 0
1.950 0
2.050 0
2.150 0
2.250 0
2.350 0
2.450 0
2.550 0
2.650 0
2.750 0
2.850 0
2.950 0
3.050 0
3.150 0
3.250 6.64264e-05
3.350 0.000125005
3.450 0.000471291
3.550 0.0017802
3.650 0.00352593
3.750 0.00683043
3.850 0.0101698
3.950 0.0138855
4.050 0.0217573
4.150 0.0324867
4.250 0.0463474
4.350 0.0534673
4.450 0.0482943
4.550 0.0397262
4.650 0.025714
4.750 0.0199815
4.850 0.0154401
4.950 0.0135635
5.050 0.0133341
5.150 0.0133765
5.250 0.0131261
5.350 0.012983
5.450 0.0142577
5.550 0.0147502
5.650 0.0173296
5.750 0.0176439
5.850 0.0190333
5.950 0.0206567
6.050 0.0222016
6.150 0.0224308
6.250 0.0241061
6.350 0.0247265
6.450 0.0263084
6.550 0.028502
6.650 0.0306478
6.750 0.0314546
6.850 0.0291982
6.950 0.0270576
7.050 0.0221056
7.150 0.0183235
7.250 0.0163008
7.350 0.0150425
7.450 0.0141867
7.550 0.0142562
7.650 0.0136223
7.750 0.0131796
7.850 0.0143707
7.950 0.0135011
8.050 0.0144337
8.150 0.0144511
8.250 0.014484
8.350 0.0143002
8.450 0.0145332
8.550 0.0148187
8.650 0.0149935
8.750 0.0148725
8.850 0.0150844
8.950 0.0152044
9.050 0.015127
9.150 0.0147228
9.250 0.0148487
9.350 0.0150461
9.450 0.0146665
9.550 0.0143457
9.650 0.0143736
9.750 0.0144492
9.850 0.0141066
9.950 0.0146247
10.050 0.0137868
10.150 0.0149457
10.250 0.0143686
10.350 0.0137322
10.450 0.0143375
10.550 0.014867
10.650 0.0142738
10.750 0.0140338
10.850 0.0146459
10.950 0.0145258
11.050 0.0147694
11.150 0.0148836
11.250 0.0145481
11.350 0.0149406
11.450 0.0146432
11.550 0.0148323
11.650 0.0149559
11.750 0.0156014
11.850 0.0158634
11.950 0.0154615
12.050 0.0157662
12.150 0.0152939
12.250 0.0157321
12.350 0.0154922
12.450 0.0150362
12.550 0.0151939
12.650 0.0155854
12.750 0.0151867
12.850 0.0152697
12.950 0.0156912
13.050 0.0154681
13.150 0.0162069
13.250 0.0162188
13.350 0.0162561
13.450 0.0164687
13.550 0.0165626
13.650 0.0167235
13.750 0.0175454
13.850 0.0177828
13.950 0.0182674
14.050 0.0185872
14.150 0.019362
14.250 0.0196921
14.350 0.0193811
14.450 0.0197284
14.550 0.019723
14.650 0.0197977
14.750 0.0201328
14.850 0.0197927
14.950 0.0199805
15.050 0.0204216
15.150 0.0207426
15.250 0.0213457
15.350 0.0216637
15.450 0.0216427
15.550 0.0226817
15.650 0.0223612
15.750 0.0236187
15.850 0.02405
15.950 0.02416
16.050 0.0248725
16.150 0.0249847
16.250 0.0255306
16.350 0.0261608
16.450 0.0266548
16.550 0.0275623
16.650 0.0277685
16.750 0.0278778
16.850 0.0285307
16.950 0.0283732
17.050 0.0291581
17.150 0.0293554
17.250 0.0295439
17.350 0.0299031
17.450 0.0303673
17.550 0.0304571
17.650 0.0312608
17.750 0.0310452
17.850 0.0309669
17.950 0.0313475
18.050 0.0319287
18.150 0.0317865
18.250 0.0329021
18.350 0.0331984
18.450 0.0340115
18.550 0.034689
18.650 0.0362372
18.750 0.0369466
18.850 0.0384717
18.950 0.0394238
19.050 0.0401354
19.150 0.0412106
19.250 0.0426682
19.350 0.0436664
19.450 0.0442694
19.550 0.0461476
19.650 0.0466761
19.750 0.0467547
19.850 0.0481603
19.950 0.0489402
