#Frame          ANdis
       1      55.8446
       2      56.5073
       3      55.4721
       4      55.8668
       5      55.4092
       6      56.3674
       7      55.7409
       8      56.1090
       9      55.7193
      10      55.5143
      11      56.1542
      12      56.1613
      13      55.5745
      14      56.6548
      15      55.9792
      16      55.2905
      17      55.4721
      18      55.6409
      19      55.7530
      20      56.0768
      21      56.1561
      22      54.7525
      23      54.5688
      24      55.0362
      25      54.4864
      26      55.7501
      27      55.6559
      28      55.4859
      29      55.5572
      30      54.5497
      31      54.4497
      32      54.3624
      33      54.0653
      34      54.8388
      35      55.4802
      36      54.9478
      37      55.0612
      38      55.0838
      39      55.0476
      40      56.1807
      41      56.2839
      42      56.5550
      43      56.8269
      44      55.8674
      45      56.2326
      46      56.0232
      47      56.7599
      48      57.3621
      49      58.4578
      50      57.9085
      51      57.3483
      52      57.7666
      53      57.4812
      54      58.3746
      55      57.5561
      56      56.8545
      57      58.0183
      58      59.1446
      59      58.0061
      60      57.1188
      61      58.0006
      62      58.7803
      63      58.2994
      64      58.0046
      65      58.8241
      66      58.3305
      67      58.1384
      68      58.5194
      69      58.1137
      70      58.8681
      71      58.2449
      72      58.7704
      73      56.7739
      74      56.9938
      75      57.1463
      76      57.0958
      77      56.9565
      78      57.5438
      79      56.4285
      80      56.9350
      81      56.4754
      82      56.6112
      83      55.9727
      84      56.2411
      85      55.7396
      86      56.8517
      87      56.3796
      88      56.1824
      89      56.2281
      90      56.7545
      91      57.2675
      92      57.7474
      93      56.7789
      94      54.7820
      95      56.0596
      96      57.2062
      97      58.0642
      98      57.1918
      99      56.6994
     100      57.6406
     101      57.5858
     102      57.2416
     103      57.3278
     104      58.0739
     105      57.1785
     106      57.1690
     107      55.8755
     108      56.9406
     109      57.4873
     110      57.7546
     111      57.3908
     112      57.3520
     113      57.2440
     114      59.2384
     115      59.1308
     116      58.6136
     117      57.9297
     118      58.1177
     119      57.4051
     120      57.2495
     121      57.2354
     122      58.0643
     123      57.1496
     124      57.6535
     125      57.8026
     126      58.0471
     127      58.6981
     128      58.4932
     129      59.0621
     130      59.4772
     131      58.8868
     132      60.0436
     133      60.6331
     134      59.4610
     135      59.3087
     136      59.8035
     137      60.9215
     138      60.6110
     139      60.2901
     140      60.3995
     141      59.7490
     142      60.0347
     143      59.2905
     144      59.3937
     145      57.0128
     146      59.2217
     147      58.7776
     148      59.4694
     149      58.8575
     150      60.5704
     151      58.9547
     152      59.7271
     153      59.1769
     154      59.1370
     155      57.8048
     156      57.9291
     157      57.3281
     158      57.6766
     159      57.3273
     160      57.1132
     161      58.2726
     162      57.4445
     163      58.2221
     164      57.2274
     165      56.7342
     166      56.9979
     167      57.1803
     168      57.5195
     169      57.4734
     170      57.8195
     171      57.7047
     172      58.1670
     173      60.2883
     174      60.6046
     175      58.9999
     176      59.0593
     177      59.2550
     178      59.6801
     179      59.4531
     180      58.6358
     181      59.4936
     182      60.1384
     183      59.9170
     184      60.8806
     185      61.2929
     186      60.9171
     187      61.4021
     188      61.4827
     189      60.9089
     190      60.1460
     191      59.8302
     192      58.6430
     193      58.9976
     194      58.6132
     195      58.3887
     196      58.0485
     197      58.6267
     198      58.6518
     199      57.2997
     200      58.6192
     201      59.2638
     202      58.7055
     203      56.4793
     204      58.2335
     205      57.9379
     206      59.2303
     207      59.1058
     208      58.9397
     209      58.5915
     210      58.7230
     211      58.5184
     212      58.9671
     213      57.4612
     214      57.8624
     215      58.6206
     216      59.0349
     217      58.8739
     218      57.7939
     219      58.5914
     220      58.4600
     221      58.1891
     222      59.1039
     223      58.8064
     224      58.5600
     225      59.4091
     226      59.1897
     227      58.0947
     228      58.3210
     229      59.2598
     230      59.1397
     231      59.4218
     232      59.8331
     233      58.6626
     234      58.5871
     235      57.4353
     236      57.8711
     237      58.6756
     238      58.4702
     239      57.4454
     240      57.9312
     241      59.0763
     242      58.5547
     243      59.1971
     244      58.2842
     245      58.9213
     246      58.5718
     247      58.0778
     248      57.7784
     249      58.1428
     250      57.1843
     251      58.0298
     252      57.1672
     253      57.2942
     254      56.3952
     255      56.6903
     256      56.3569
     257      57.3273
     258      57.6083
     259      57.6823
     260      55.9943
     261      56.0773
     262      56.9808
     263      57.6967
     264      55.7536
     265      56.0492
     266      56.6434
     267      56.5180
     268      56.1942
     269      56.8930
     270      56.4979
     271      56.2434
     272      56.0449
     273      55.7189
     274      56.4988
     275      56.7703
     276      57.2103
     277      57.7045
     278      57.0080
     279      55.9870
     280      55.6938
     281      55.9695
     282      56.1165
     283      55.2888
     284      56.6718
     285      55.8580
     286      56.7425
     287      56.5036
     288      55.9933
     289      54.5659
     290      53.6571
     291      53.7797
     292      54.8761
     293      53.6479
     294      54.4265
     295      54.6940
     296      55.4775
     297      55.3270
     298      55.0492
     299      55.5697
     300      55.1206
     301      55.5405
     302      56.0458
     303      56.1432
     304      55.8357
     305      55.6126
     306      56.6374
     307      56.5687
     308      55.6930
     309      54.2951
     310      54.0432
     311      52.9163
     312      54.2937
     313      54.7738
     314      56.0639
     315      56.1380
     316      56.1559
     317      56.0006
     318      54.6660
     319      53.7385
     320      54.1988
     321      55.6755
     322      55.7469
     323      55.4346
     324      55.8520
     325      55.4174
     326      54.1813
     327      54.5991
     328      54.9278
     329      54.2251
     330      55.3176
     331      56.4627
     332      55.6299
     333      55.6963
     334      55.1740
     335      55.3030
     336      54.6462
     337      54.9666
     338      54.2721
     339      54.7751
     340      54.8367
     341      54.9995
     342      56.1520
     343      55.0581
     344      53.7843
     345      53.9012
     346      54.0116
     347      53.4256
     348      53.9716
     349      54.9227
     350      55.1957
     351      55.3365
     352      56.2121
     353      55.9213
     354      56.4583
     355      54.8722
     356      56.1436
     357      57.0899
     358      56.6200
