#Frame          ANdis
       1      54.5206
       2      55.0085
       3      54.3409
       4      55.1947
       5      55.7701
       6      56.4770
       7      55.6104
       8      55.1497
       9      55.0292
      10      54.9291
      11      55.0811
      12      55.5586
      13      54.8644
      14      55.3556
      15      55.8368
      16      55.0576
      17      54.0823
      18      55.4000
      19      56.2290
      20      55.9743
      21      56.9469
      22      56.6692
      23      56.5888
      24      54.9442
      25      55.0386
      26      54.8216
      27      54.1367
      28      53.5616
      29      54.2410
      30      54.4414
      31      55.2195
      32      55.2697
      33      55.1022
      34      55.8854
      35      55.2063
      36      55.4541
      37      55.0832
      38      55.9300
      39      54.6794
      40      55.7179
      41      55.9879
      42      56.2328
      43      57.1272
      44      57.2040
      45      56.9010
      46      56.8800
      47      57.2746
      48      57.7276
      49      57.4925
      50      57.6714
      51      55.8883
      52      55.6379
      53      55.2240
      54      54.7620
      55      54.1331
      56      55.3585
      57      55.7399
      58      54.9359
      59      55.8536
      60      56.0497
      61      56.5355
      62      56.9751
      63      56.1162
      64      55.0656
      65      55.8233
      66      57.2461
      67      55.9223
      68      55.5795
      69      56.7228
      70      56.0240
      71      56.3391
      72      56.4303
      73      57.8332
      74      56.3348
      75      56.0481
      76      57.0594
      77      57.0934
      78      57.4535
      79      56.6187
      80      55.9117
      81      56.2459
      82      55.9563
      83      56.5653
      84      55.6521
      85      55.9140
      86      56.2719
      87      55.5615
      88      55.5255
      89      54.7269
      90      54.4643
      91      54.1338
      92      54.5868
      93      54.9159
      94      55.8050
      95      55.6819
      96      56.0454
      97      56.0338
      98      54.6033
      99      55.1271
     100      54.2676
     101      54.0180
     102      54.2371
     103      54.6796
     104      54.7643
     105      54.1772
     106      53.6398
     107      53.2046
     108      52.6581
     109      53.6154
     110      52.6517
     111      52.4758
     112      52.9577
     113      52.4178
     114      53.1912
     115      52.8225
     116      53.6168
     117      52.6869
     118      52.4797
     119      52.8385
     120      52.4351
     121      52.1588
     122      52.9836
     123      52.2985
     124      53.0548
     125      54.0048
     126      53.0564
     127      52.7838
     128      52.3870
     129      51.6673
     130      51.9041
     131      51.9466
     132      51.4313
     133      51.1642
     134      51.9593
     135      51.2697
     136      52.4061
     137      51.7937
     138      52.3224
     139      52.3616
     140      53.8318
     141      53.0848
     142      53.1318
     143      53.5676
     144      54.2903
     145      55.0565
     146      54.8297
     147      54.4828
     148      54.9244
     149      54.8633
     150      54.9371
     151      54.4669
     152      53.5572
     153      53.7464
     154      54.6392
     155      54.3591
     156      55.4151
     157      55.2660
     158      55.4337
     159      55.0416
     160      56.3284
     161      55.9735
     162      55.3864
     163      55.7477
     164      55.7657
     165      56.5899
     166      57.6621
     167      56.1914
     168      56.6398
     169      56.4264
     170      55.2717
     171      55.4377
     172      54.2415
     173      56.3556
     174      55.4513
     175      55.6539
     176      56.6366
     177      56.5110
     178      56.8578
     179      55.8889
     180      56.1716
     181      57.1358
     182      56.7272
     183      55.0434
     184      56.5396
     185      55.7236
     186      54.8039
     187      55.0996
     188      54.9373
     189      55.2197
     190      54.0372
     191      54.5853
     192      54.7593
     193      53.4816
     194      52.8990
     195      53.3299
     196      52.6787
     197      52.4266
     198      52.9748
     199      53.2232
     200      53.7918
     201      52.0397
     202      51.8533
     203      53.2898
     204      53.2490
     205      52.6063
     206      53.1934
     207      53.1156
     208      53.1974
     209      53.9906
     210      53.7302
     211      53.7334
     212      53.3767
     213      54.0519
     214      54.6167
     215      56.0213
     216      55.6225
     217      55.1765
     218      55.4874
     219      55.3868
     220      56.0514
     221      55.2614
     222      55.2243
     223      56.7559
     224      56.6483
     225      55.2581
     226      55.6905
     227      55.8679
     228      54.7221
     229      55.2501
     230      56.0073
     231      57.0809
     232      55.7004
     233      55.5419
     234      56.5768
     235      56.0335
     236      55.8108
     237      56.2408
     238      54.9575
     239      55.5879
     240      55.3251
     241      56.5848
     242      56.5990
     243      57.2159
     244      56.1475
     245      55.4586
     246      54.6012
     247      55.4736
     248      54.3159
     249      54.7425
     250      54.9397
     251      54.8945
     252      56.2930
     253      56.5111
     254      57.2161
     255      56.2856
     256      56.0458
     257      56.7035
     258      56.2887
     259      56.1749
     260      55.5479
     261      54.9219
     262      53.7530
     263      54.0177
     264      53.7058
     265      53.6338
     266      53.4123
     267      52.8347
     268      53.8005
     269      54.9197
     270      54.0914
     271      54.5044
     272      53.3617
     273      53.2347
     274      52.2231
     275      53.4957
     276      53.4373
     277      54.4108
     278      54.0555
     279      53.9080
     280      54.8634
     281      54.6338
     282      55.5475
     283      55.1843
     284      54.6901
     285      54.4817
     286      53.9548
     287      53.1739
     288      51.3246
     289      50.9054
     290      51.7267
     291      51.3205
     292      51.2140
     293      50.1433
     294      51.0342
     295      49.6755
     296      51.1639
     297      51.9453
     298      51.9800
     299      51.2405
     300      50.7480
     301      50.6146
     302      52.0165
     303      52.5362
     304      52.0958
     305      52.6822
     306      52.1002
     307      52.2331
     308      52.6470
     309      52.2431
     310      51.9373
     311      51.8615
     312      51.8720
     313      52.9344
     314      53.0017
     315      53.3399
     316      52.4969
     317      53.5467
     318      53.7534
     319      53.4795
     320      52.8543
     321      53.9119
     322      52.6766
     323      51.2866
     324      52.6667
     325      52.2887
     326      51.9792
     327      53.0448
     328      53.0794
     329      53.1635
     330      53.4019
     331      52.5941
     332      53.1250
     333      52.9940
     334      54.6898
     335      54.2478
     336      54.0947
     337      53.5637
     338      53.9422
     339      53.5841
     340      51.7989
     341      51.7496
     342      51.1217
     343      51.0893
     344      51.1386
     345      50.9074
     346      51.0959
     347      51.5396
     348      51.3871
     349      51.3066
     350      50.9174
     351      51.5438
     352      52.5790
     353      51.8404
     354      53.0490
     355      52.3945
     356      52.4075
     357      52.6101
     358      52.8197
     359      53.0116
     360      53.0098
     361      52.7263
     362      52.1633
     363      51.6205
     364      51.7012
     365      50.8597
     366      50.9043
     367      51.8896
     368      52.3030
     369      52.3431
     370      52.2111
     371      51.5402
     372      51.7977
     373      51.5064
     374      52.6119
     375      53.0442
     376      53.6090
     377      53.6835
     378      52.9344
     379      51.6031
     380      51.3945
     381      50.6079
     382      50.2057
     383      49.8583
     384      49.7552
     385      49.7250
     386      48.9766
     387      49.4637
     388      49.0818
     389      48.5042
     390      48.2483
     391      48.3245
     392      48.5424
     393      48.0580
     394      48.3502
     395      47.7798
     396      47.7719
     397      48.5407
     398      48.5066
     399      48.3200
     400      47.8261
     401      47.6325
     402      47.0703
     403      47.6791
     404      47.9054
     405      48.3470
     406      47.4976
     407      46.8130
     408      47.2046
     409      48.1197
     410      47.9574
     411      48.0391
     412      47.1055
     413      47.0656
     414      47.4434
     415      47.6499
     416      47.7084
     417      47.0704
     418      46.2067
     419      46.6855
     420      46.3056
     421      47.6675
     422      46.6659
     423      47.3749
     424      47.1258
     425      48.0457
     426      47.7734
     427      47.2809
     428      48.1462
     429      48.5962
     430      48.3944
     431      48.5029
     432      49.0594
     433      49.6573
     434      51.0025
     435      49.6668
     436      50.2946
     437      49.2459
     438      49.1937
     439      49.6303
     440      49.6943
     441      49.0599
     442      50.0548
     443      50.2976
     444      50.6516
     445      51.1278
     446      50.2290
     447      48.6517
     448      48.4968
     449      48.1006
     450      48.1293
     451      47.2069
     452      47.1669
     453      46.2750
     454      46.4094
     455      47.0982
     456      48.4480
     457      47.5800
     458      48.6438
     459      48.1729
     460      48.6318
     461      48.8535
     462      48.3220
     463      47.7174
     464      47.7536
     465      47.8628
     466      48.0363
     467      47.8834
     468      47.2838
     469      47.4193
     470      46.5378
     471      46.7909
     472      46.0401
     473      46.5540
     474      45.5676
     475      46.4024
     476      46.4418
     477      45.6335
     478      46.1591
     479      45.6117
     480      46.7211
     481      47.4071
     482      47.2236
     483      47.9768
     484      47.5228
     485      48.3161
     486      47.4123
     487      47.0199
     488      47.8121
     489      47.8195
     490      48.1572
     491      47.9147
     492      45.8553
     493      46.0015
     494      46.5243
     495      47.4506
     496      47.6199
     497      46.8907
     498      47.4181
     499      46.8971
     500      46.2319
     501      45.6762
     502      44.5799
     503      44.7866
     504      44.4869
     505      45.3412
     506      44.3228
     507      44.2251
     508      43.9065
     509      45.2823
     510      45.2509
     511      45.7182
     512      46.2367
     513      45.3368
     514      46.3323
     515      45.6288
     516      46.2587
     517      45.8618
     518      44.5360
     519      45.9791
     520      45.4994
     521      44.5135
     522      44.6873
     523      44.8873
     524      45.0569
     525      44.3646
     526      45.4863
     527      46.8807
     528      45.1889
     529      46.0510
     530      45.9983
     531      46.1412
     532      45.2585
     533      44.9591
     534      45.0623
     535      45.3528
     536      45.5431
     537      45.5225
     538      46.1626
     539      45.6283
     540      46.4714
     541      47.0950
     542      45.7086
     543      45.0926
     544      45.1056
     545      46.7974
     546      47.4249
     547      47.7388
     548      47.4172
     549      46.4342
     550      46.8859
     551      47.6201
     552      47.7357
     553      48.2563
     554      47.9956
     555      49.1637
     556      49.4825
     557      49.1591
     558      50.0573
     559      48.7221
     560      49.4294
     561      50.1771
     562      50.4603
     563      49.7655
     564      50.1611
     565      50.3475
     566      50.4938
     567      50.7637
     568      49.7581
     569      50.2924
     570      50.0580
     571      49.6983
     572      49.2095
     573      49.4538
     574      49.5229
     575      49.7005
     576      49.9425
     577      50.3304
     578      50.0698
     579      51.3781
     580      51.7049
     581      52.4203
     582      53.3171
     583      53.7284
     584      53.1838
     585      53.4299
     586      53.2123
     587      52.5311
     588      53.3153
     589      51.5332
     590      51.5172
     591      50.7747
     592      50.0459
     593      51.6868
     594      50.5285
     595      49.0905
     596      50.0570
     597      49.1688
     598      49.3899
     599      50.6361
     600      50.9901
     601      49.9226
     602      50.4327
     603      50.7161
     604      50.1439
     605      49.8796
     606      50.2803
     607      48.7549
     608      49.2215
     609      49.9968
     610      48.5859
     611      47.3964
     612      46.2650
     613      46.7647
     614      47.0636
     615      46.4285
     616      45.9228
     617      46.3717
     618      47.0145
     619      45.6460
     620      47.0168
     621      44.5415
     622      45.7892
     623      44.8556
     624      44.7435
     625      46.4971
     626      45.9588
     627      44.6628
     628      44.8349
     629      44.7204
     630      44.4973
     631      44.1182
     632      43.5475
     633      43.2561
     634      43.9357
     635      44.0351
     636      44.7286
     637      45.4385
     638      44.2142
     639      44.7867
     640      45.9616
     641      46.3702
     642      46.5370
     643      45.7390
     644      45.2608
     645      45.3565
     646      45.4590
     647      45.2798
     648      46.5226
     649      47.2834
     650      46.6532
     651      46.8342
     652      46.2379
     653      46.1957
     654      47.4670
     655      46.5806
     656      46.5127
     657      46.7967
     658      46.8450
     659      46.3583
     660      47.0504
     661      47.6611
     662      47.6021
     663      47.7920
     664      47.7214
     665      48.5122
     666      48.7984
     667      49.1005
     668      48.8689
     669      47.6437
     670      47.4549
     671      48.1532
     672      47.9564
     673      48.5666
     674      48.8976
     675      48.2123
     676      48.6138
     677      47.4647
     678      48.1549
     679      49.6053
     680      49.1881
     681      49.8945
     682      49.8583
     683      48.8768
     684      50.3708
     685      51.2183
     686      48.9693
     687      48.5737
     688      47.1457
     689      48.2035
     690      47.8866
     691      48.6352
     692      47.7956
     693      48.0404
     694      49.2560
     695      47.7634
     696      47.2505
     697      47.1928
     698      48.0651
     699      49.1941
     700      47.6864
     701      47.0349
     702      46.8123
     703      47.9409
     704      47.9773
     705      48.6942
     706      48.7470
     707      48.6132
     708      47.8442
     709      48.4393
     710      49.0813
     711      49.4656
     712      49.3804
     713      49.4126
     714      48.3388
     715      49.1556
     716      49.6262
     717      49.3306
     718      50.6544
     719      49.5018
     720      49.6602
     721      48.9550
     722      47.8510
     723      48.3607
     724      47.9253
     725      47.7945
     726      48.0899
     727      48.0133
     728      48.1626
     729      47.7387
     730      49.0805
     731      49.0346
     732      48.2123
     733      48.5080
     734      48.1098
     735      48.4690
     736      47.4788
     737      48.2833
     738      47.6302
     739      47.6940
     740      46.4029
     741      47.8372
     742      47.5650
     743      47.1122
     744      46.6679
     745      47.3220
     746      47.1513
     747      48.1061
     748      48.1115
     749      48.8460
     750      48.7181
     751      48.6868
     752      49.2018
     753      47.4895
     754      47.3246
     755      47.0296
     756      47.2716
     757      47.8039
     758      47.5592
     759      47.8937
     760      47.6315
     761      47.7101
     762      47.7772
     763      47.4171
     764      46.7732
     765      47.0960
     766      48.5724
     767      48.2800
     768      47.9492
     769      47.0062
     770      46.8270
     771      46.2672
     772      46.2072
     773      45.7636
     774      46.1492
     775      46.0785
     776      45.1323
     777      45.5823
     778      45.6858
     779      45.8309
     780      45.2772
     781      46.3405
     782      46.2627
     783      46.0003
     784      45.4943
     785      46.0454
     786      45.8228
     787      46.0632
     788      46.0011
     789      46.5456
     790      47.1688
     791      45.6393
     792      45.0975
     793      45.5915
     794      46.6499
     795      47.5342
     796      46.5927
     797      47.2900
     798      47.2824
     799      46.7096
     800      47.0405
     801      47.4280
     802      46.9547
     803      46.0335
     804      46.8281
     805      46.3159
     806      44.8468
     807      43.3477
     808      43.3610
     809      44.6493
     810      44.1981
     811      45.0096
     812      43.6612
     813      44.2560
     814      44.4673
     815      43.9999
     816      43.6921
     817      44.8274
     818      44.2074
     819      44.2672
     820      44.8417
     821      45.2338
     822      44.4070
     823      43.5747
     824      44.2964
     825      45.0053
     826      46.0805
     827      45.8989
     828      44.9433
     829      44.5941
     830      44.3839
     831      44.2395
     832      43.2234
     833      43.1167
     834      43.8256
     835      44.7018
     836      44.5119
     837      44.9424
     838      45.5301
     839      45.5212
     840      45.6730
     841      45.3547
     842      44.6502
     843      44.9409
     844      44.6175
     845      44.1362
     846      44.9807
     847      45.4339
     848      45.2135
     849      45.2926
     850      44.7291
     851      44.2831
     852      43.5219
     853      44.2206
     854      44.0808
     855      43.6789
     856      44.6081
     857      45.1846
     858      45.8197
     859      45.0078
     860      44.5868
     861      45.5450
     862      45.1581
     863      45.5429
     864      45.5602
     865      44.6499
     866      44.8347
     867      45.8174
     868      44.5578
     869      45.1529
     870      44.6184
     871      44.8921
     872      45.4871
     873      46.6879
     874      45.1065
     875      45.6725
     876      45.0359
     877      44.6572
     878      43.2020
     879      43.0610
     880      43.9029
     881      44.7320
     882      45.4964
     883      45.4295
     884      44.3536
     885      44.6444
     886      45.5474
     887      44.2157
     888      45.3520
     889      44.1794
     890      44.5932
     891      44.5738
     892      44.4886
     893      44.3727
     894      44.4649
     895      45.9329
     896      45.5475
     897      44.9726
     898      44.6701
     899      44.6500
     900      41.8475
     901      42.5225
     902      41.8625
     903      42.1072
     904      41.3998
     905      41.7142
     906      42.1834
     907      41.6894
     908      41.3570
     909      42.2201
     910      42.2889
     911      42.3873
     912      43.7936
     913      44.6868
     914      44.7020
     915      44.5896
     916      44.6400
     917      44.9281
     918      45.2347
     919      45.3085
     920      45.4948
     921      46.8914
     922      47.8345
     923      48.4149
     924      48.4926
     925      47.7127
     926      46.9777
     927      46.9675
     928      47.7186
     929      47.1614
     930      46.6328
     931      46.9165
     932      45.4839
     933      46.2227
     934      45.5909
     935      45.0124
     936      44.6130
     937      45.4841
     938      46.2553
     939      46.3450
     940      45.3560
     941      45.8944
     942      45.9910
     943      45.2498
     944      44.5814
     945      45.8205
     946      46.0545
     947      45.4302
     948      46.3973
     949      46.1862
     950      47.3694
     951      48.3475
     952      47.7185
     953      47.4737
     954      47.2242
     955      46.1971
     956      46.6508
     957      46.8072
     958      45.1555
     959      45.9868
     960      47.1990
     961      47.0171
     962      46.8219
     963      47.3877
     964      47.1139
     965      47.3941
     966      48.0236
     967      47.3826
     968      47.4111
     969      46.5240
     970      46.3285
     971      44.4844
     972      42.9335
     973      43.5635
     974      44.2063
     975      44.4913
     976      44.2678
     977      43.8190
     978      43.8138
     979      43.3096
     980      44.2933
     981      44.3624
     982      43.3765
     983      44.7592
     984      44.6556
     985      45.1320
     986      45.4858
     987      46.4704
     988      46.8463
     989      45.2365
     990      45.9952
     991      45.6433
     992      45.0477
     993      44.6550
     994      44.3804
     995      44.1251
     996      44.7909
     997      44.5591
     998      44.5697
     999      44.4684
    1000      44.2312
