#Frame          ANdis
       1      55.2704
       2      53.5288
       3      54.0511
       4      53.5742
       5      54.7919
       6      55.7376
       7      55.9303
       8      56.4513
       9      55.9788
      10      54.7405
      11      55.4596
      12      55.9411
      13      57.0771
      14      57.7948
      15      57.1106
      16      56.5652
      17      55.5933
      18      55.5834
      19      54.4586
      20      55.5709
      21      54.3068
      22      54.6678
      23      53.9715
      24      54.9556
      25      54.8895
      26      54.1174
      27      53.8581
      28      54.4863
      29      55.0895
      30      54.5275
      31      53.5968
      32      52.8189
      33      52.5964
      34      52.6700
      35      53.1203
      36      51.8025
      37      51.6210
      38      50.5769
      39      51.4668
      40      51.8491
      41      51.1071
      42      52.3184
      43      52.7838
      44      53.1759
      45      52.6129
      46      53.2470
      47      53.6874
      48      53.3821
      49      53.3665
      50      52.9231
      51      53.0122
      52      53.4707
      53      53.1479
      54      52.7105
      55      52.6110
      56      53.1328
      57      53.4066
      58      52.1558
      59      52.1601
      60      52.8806
      61      54.0366
      62      52.9247
      63      53.5255
      64      52.5192
      65      53.3225
      66      51.1232
      67      51.3033
      68      51.0540
      69      51.2929
      70      52.1133
      71      51.7809
      72      52.0916
      73      51.8459
      74      52.6128
      75      53.5199
      76      52.9953
      77      52.3143
      78      51.8916
      79      51.1443
      80      51.8247
      81      51.7981
      82      51.4093
      83      51.9606
      84      52.7599
      85      52.2163
      86      50.9022
      87      50.4035
      88      50.4467
      89      49.7695
      90      50.0792
      91      48.9472
      92      50.7260
      93      49.5585
      94      50.9769
      95      51.8947
      96      51.5546
      97      52.3431
      98      50.8208
      99      48.6697
     100      49.9532
     101      49.9067
     102      49.8354
     103      51.4188
     104      51.9282
     105      52.1058
     106      51.8488
     107      51.1809
     108      51.6099
     109      50.9123
     110      51.8136
     111      51.9074
     112      52.2861
     113      52.6760
     114      53.0344
     115      53.5426
     116      54.3996
     117      55.0546
     118      54.4931
     119      54.2385
     120      53.5380
     121      54.7025
     122      53.2341
     123      53.6591
     124      52.7514
     125      53.1993
     126      53.7693
     127      53.8426
     128      53.6836
     129      53.1560
     130      52.5702
     131      52.8405
     132      52.4160
     133      53.0822
     134      53.2231
     135      53.1845
     136      52.9210
     137      53.3901
     138      53.2586
     139      52.6420
     140      52.6913
     141      53.5761
     142      53.7202
     143      52.3845
     144      50.8149
     145      50.4988
     146      51.6226
     147      51.7426
     148      52.8194
     149      53.5253
     150      53.9307
     151      54.2622
     152      53.6227
     153      53.3109
     154      53.3067
     155      53.3425
     156      53.2693
     157      53.3704
     158      53.5934
     159      53.3363
     160      52.7145
     161      52.4606
     162      52.0099
     163      53.0498
     164      53.7732
     165      53.0356
     166      53.1534
     167      52.7227
     168      52.0486
     169      51.4936
     170      53.2626
     171      52.6258
     172      52.7669
     173      53.4907
     174      53.0073
     175      52.3714
     176      52.5309
     177      52.1085
     178      52.3059
     179      51.8855
     180      51.1923
     181      52.3319
     182      52.9650
     183      53.2715
     184      54.6207
     185      53.5753
     186      53.4239
     187      53.3090
     188      53.4515
     189      53.4923
     190      54.3466
     191      53.5726
     192      52.4978
     193      51.5414
     194      52.7891
     195      52.4837
     196      50.7614
     197      51.7043
     198      52.4797
     199      52.2560
     200      53.0393
     201      52.5919
     202      52.8669
     203      53.6924
     204      53.7937
     205      52.9484
     206      52.3415
     207      52.2680
     208      53.1787
     209      52.8388
     210      52.0081
     211      51.4987
     212      51.7485
     213      52.1256
     214      52.1518
     215      51.2100
     216      49.7595
     217      50.1888
     218      49.2057
     219      51.1063
     220      51.5519
     221      51.4187
     222      50.9780
     223      50.7225
     224      49.6633
     225      49.9668
     226      50.4379
     227      49.4690
     228      49.1363
     229      48.7371
     230      48.8288
     231      50.1087
     232      49.8958
     233      49.9103
     234      49.4966
     235      49.1713
     236      50.0680
     237      50.4142
     238      51.5943
     239      51.0589
     240      52.0604
     241      51.1651
     242      50.0728
     243      51.2626
     244      51.5141
     245      51.9086
     246      50.4055
     247      49.4347
     248      48.0327
     249      48.1129
     250      47.7364
     251      48.6363
     252      47.6766
     253      47.7047
     254      48.1336
     255      48.0328
     256      47.5214
     257      49.0098
     258      48.5920
     259      48.6071
     260      48.4310
     261      49.7612
     262      49.0090
     263      49.0369
     264      48.2688
     265      48.9538
     266      48.5981
     267      50.0828
     268      50.1533
     269      49.6644
     270      50.3055
     271      49.4453
     272      50.6821
     273      48.9936
     274      48.9468
     275      48.1384
     276      47.6324
     277      48.6107
     278      48.4197
     279      49.6157
     280      49.2744
     281      48.4182
     282      47.4416
     283      48.2638
     284      48.5005
     285      49.6857
     286      49.1536
     287      49.0366
     288      48.6755
     289      47.6622
     290      47.7999
     291      48.0081
     292      49.3602
     293      48.6450
     294      49.5669
     295      48.8024
     296      47.8258
     297      49.0895
     298      50.6099
     299      50.1646
     300      50.1042
     301      51.0820
     302      50.8384
     303      50.5985
     304      51.1431
     305      51.6475
     306      51.4807
     307      51.4717
     308      51.6874
     309      51.4452
     310      51.7181
     311      52.2626
     312      51.6995
     313      52.4006
     314      53.5002
     315      51.0456
     316      52.1725
     317      51.2298
     318      50.2595
     319      50.4142
     320      50.8722
     321      50.0495
     322      49.7636
     323      49.8552
     324      50.3989
     325      50.0792
     326      51.5983
     327      51.2986
     328      52.6411
     329      50.3394
     330      50.5431
     331      50.8599
     332      50.6890
     333      51.3753
     334      52.4670
     335      51.9468
     336      52.1840
     337      51.3808
     338      50.1005
     339      49.7186
     340      50.4197
     341      49.4632
     342      49.3670
     343      48.4776
     344      47.8209
     345      49.0500
     346      48.0360
     347      48.9437
     348      49.5280
     349      50.4793
     350      51.0552
     351      50.9789
     352      51.0775
     353      50.6912
     354      49.8101
     355      51.5118
     356      52.3273
     357      51.5355
     358      50.9056
     359      50.6979
     360      50.7313
     361      50.4435
     362      51.1115
     363      50.5364
     364      52.0027
     365      52.1609
     366      52.2444
     367      51.3701
     368      50.2424
     369      50.2142
     370      51.1000
     371      51.1832
     372      51.8183
     373      52.0601
     374      52.9460
     375      52.2138
     376      52.4211
     377      52.4489
     378      52.3901
     379      51.6949
     380      50.6473
     381      50.7508
     382      50.4185
     383      49.7384
     384      51.1760
     385      49.7999
     386      49.8938
     387      49.7419
     388      49.0955
     389      49.5054
     390      49.6573
     391      49.5855
     392      49.1388
     393      48.5071
     394      49.0938
     395      49.3649
     396      50.5597
     397      50.3662
     398      49.7674
     399      49.1493
     400      50.0014
     401      50.2562
     402      50.2580
     403      50.2580
     404      49.3730
     405      50.8371
     406      50.6044
     407      50.7802
     408      49.1514
     409      49.4989
     410      49.4716
     411      49.4257
     412      50.6953
     413      49.9395
     414      49.8031
     415      50.0638
     416      50.9921
     417      51.0022
     418      50.3202
     419      50.5621
     420      50.8922
     421      49.4618
     422      49.4084
     423      48.9652
     424      49.8590
     425      50.8006
     426      49.7222
     427      48.5517
     428      49.4129
     429      50.4710
     430      50.7935
     431      50.2726
     432      50.2483
     433      50.1064
     434      49.8556
     435      49.9562
     436      48.4280
     437      48.2489
     438      48.3597
     439      47.8524
     440      48.3999
     441      49.4492
     442      49.8081
     443      49.0377
     444      49.2988
     445      48.5496
     446      47.4933
     447      48.6432
     448      48.7466
     449      48.6090
     450      48.6306
     451      49.5691
     452      50.2301
     453      50.1043
     454      50.2411
     455      49.9285
     456      49.9687
     457      49.7164
     458      49.0738
     459      49.3982
     460      48.9694
     461      48.3128
     462      47.5689
     463      48.6109
     464      50.2496
     465      49.3714
     466      49.3425
     467      47.9555
     468      47.7714
     469      46.7489
     470      47.3754
     471      49.1730
     472      49.0116
     473      47.8658
     474      47.4425
     475      47.7649
     476      46.7168
     477      46.8498
     478      46.5359
     479      46.0868
     480      46.7685
     481      46.6623
     482      46.4349
     483      46.2610
     484      45.3240
     485      47.4355
     486      47.4444
     487      47.8436
     488      47.4601
     489      47.8878
     490      48.9679
     491      48.5460
     492      47.3397
     493      47.2374
     494      48.3391
     495      47.9198
     496      47.6554
     497      48.7502
     498      49.2768
     499      49.1009
     500      49.6837
     501      49.4902
     502      50.2830
     503      49.2695
     504      48.5127
     505      48.6063
     506      49.3051
     507      49.0874
     508      49.0360
     509      49.4106
     510      49.4604
     511      49.1714
     512      49.4215
     513      49.3712
     514      49.1270
     515      49.3565
     516      49.0825
     517      49.0137
     518      48.8137
     519      48.5271
     520      49.5992
     521      49.4229
     522      49.9168
     523      48.9779
     524      49.9565
     525      49.6308
     526      50.4298
     527      49.6849
     528      49.7300
     529      50.0243
     530      49.8374
     531      49.1882
     532      50.1830
     533      49.6914
     534      49.6177
     535      49.6607
     536      50.2259
     537      49.4748
     538      49.8188
     539      50.4146
     540      50.6519
     541      50.6014
     542      50.9341
     543      50.8928
     544      50.2968
     545      49.9787
     546      49.0469
     547      48.1460
     548      48.8138
     549      49.2693
     550      48.0487
     551      49.6269
     552      50.0003
     553      51.0537
     554      51.3266
     555      52.1676
     556      50.5613
     557      51.1584
     558      50.1636
     559      50.7454
     560      49.5083
     561      49.1504
     562      48.6581
     563      48.0198
     564      48.0017
     565      47.5789
     566      48.7295
     567      47.7761
     568      48.8126
     569      48.0686
     570      47.6210
     571      46.5082
     572      47.6588
     573      47.1898
     574      47.7746
     575      47.0422
     576      47.2326
     577      47.1119
     578      46.4707
     579      46.6278
     580      45.4784
     581      45.5068
     582      44.6540
     583      44.7733
     584      45.1540
     585      44.6694
     586      45.3834
     587      45.0095
     588      46.4158
     589      46.3462
     590      46.2221
     591      45.8278
     592      45.4656
     593      44.3467
     594      45.6786
     595      45.8242
     596      45.8868
     597      45.5761
     598      46.4016
     599      46.6794
     600      46.1357
     601      47.5121
     602      47.1530
     603      47.7328
     604      47.4064
     605      47.3864
     606      47.5921
     607      47.9640
     608      48.8844
     609      48.4123
     610      47.3721
     611      46.5760
     612      47.8938
     613      48.1631
     614      48.8927
     615      48.8905
     616      47.5727
     617      48.1045
     618      47.8658
     619      49.5655
     620      48.7642
     621      49.2024
     622      48.5450
     623      47.7869
     624      48.6058
     625      47.7337
     626      48.3074
     627      49.4110
     628      48.6090
     629      49.1069
     630      50.6123
     631      50.9483
     632      50.3925
     633      49.3697
     634      50.2990
     635      49.7700
     636      50.4687
     637      50.2666
     638      50.8358
     639      50.6207
     640      50.7498
     641      49.6603
     642      49.1994
     643      48.6964
     644      48.2922
     645      49.1986
     646      49.5836
     647      49.3189
     648      49.0665
     649      49.8703
     650      49.2224
     651      49.5385
     652      49.1462
     653      48.8387
     654      49.8659
     655      49.9913
     656      49.7377
     657      49.5767
     658      50.0452
     659      49.7330
     660      50.4087
     661      49.5339
     662      49.7523
     663      50.1586
     664      50.8297
     665      50.0168
     666      49.2727
     667      48.7301
     668      48.6933
     669      48.8637
     670      48.6169
     671      47.8591
     672      49.0504
     673      48.9955
     674      50.2339
     675      49.9976
     676      49.5475
     677      49.6420
     678      48.8277
     679      47.9932
     680      47.5049
     681      47.2075
     682      47.4406
     683      47.5922
     684      47.1291
     685      48.5935
     686      47.6928
     687      48.5131
     688      47.8931
     689      48.0229
     690      48.2189
     691      48.8776
     692      48.9587
     693      48.8923
     694      49.6258
     695      48.2140
     696      48.9279
     697      48.6061
     698      48.7496
     699      49.0554
     700      49.6065
     701      50.0671
     702      50.1088
     703      51.8250
     704      51.1061
     705      49.4826
     706      48.9643
     707      49.1604
     708      49.0010
     709      49.3413
     710      49.4028
     711      48.0450
     712      48.7421
     713      49.2497
     714      48.7121
     715      47.0447
     716      48.7943
     717      47.8826
     718      47.9628
     719      47.7786
     720      47.0095
     721      46.7132
     722      47.9349
     723      48.0387
     724      48.1536
     725      47.4141
     726      46.4678
     727      46.4102
     728      46.4221
     729      46.9490
     730      46.5853
     731      46.9513
     732      47.5656
     733      45.4610
     734      45.5022
     735      45.3551
     736      45.2950
     737      44.9160
     738      44.6652
     739      45.4079
     740      46.4242
     741      46.9730
     742      46.3806
     743      46.0787
     744      47.0337
     745      46.8628
     746      45.4275
     747      45.5885
     748      46.0630
     749      45.2275
     750      45.7407
     751      45.8400
     752      45.1441
     753      45.6850
     754      45.2880
     755      44.8679
     756      45.6645
     757      45.5201
     758      46.9966
     759      46.5752
     760      47.3584
     761      47.1198
     762      47.2184
     763      47.6711
     764      47.6276
     765      46.6543
     766      47.9449
     767      48.2448
     768      48.6800
     769      47.9874
     770      48.3679
     771      49.2254
     772      48.7632
     773      48.8389
     774      48.1703
     775      48.9985
     776      49.7927
     777      50.0904
     778      49.3294
     779      48.2217
     780      48.6171
     781      50.2673
     782      50.0323
     783      49.4342
     784      49.9949
     785      50.5633
     786      49.3028
     787      49.2295
     788      50.1634
     789      50.1383
     790      49.4735
     791      49.6129
     792      50.1472
     793      48.9604
     794      49.5469
     795      50.2327
     796      50.3488
     797      50.7121
     798      50.4926
     799      50.9735
     800      51.5150
     801      50.8469
     802      51.2730
     803      51.6250
     804      51.0548
     805      50.1528
     806      50.4507
     807      50.3575
     808      50.0344
     809      50.1404
     810      51.1391
     811      49.9896
     812      50.2331
     813      49.1931
     814      50.0865
     815      50.6793
     816      49.9053
     817      50.4308
     818      50.1843
     819      50.1665
     820      50.0421
     821      49.7529
     822      49.6115
     823      50.0490
     824      49.2213
     825      49.6053
     826      49.5830
     827      49.4247
     828      50.3497
     829      49.3647
     830      49.1270
     831      48.6632
     832      47.2106
     833      46.8963
     834      47.4690
     835      47.9576
     836      47.5804
     837      46.4684
     838      45.8905
     839      46.7916
     840      47.0210
     841      48.5535
     842      48.3190
     843      47.8915
     844      47.0199
     845      47.1873
     846      47.5895
     847      48.4765
     848      48.4616
     849      47.9063
     850      49.0098
     851      48.1995
     852      46.8750
     853      47.9037
     854      47.8953
     855      47.6648
     856      47.8554
     857      47.4445
     858      47.4796
     859      47.0360
     860      48.0962
     861      48.7162
     862      50.4812
     863      51.1382
     864      50.7609
     865      49.8025
     866      50.5889
     867      49.9834
     868      51.1234
     869      50.1528
     870      50.1006
     871      48.6717
     872      49.5982
     873      49.0084
     874      50.0720
     875      49.1613
     876      50.2710
     877      50.6580
     878      49.5683
     879      49.0368
     880      49.3116
     881      49.1188
     882      48.7910
     883      49.9889
     884      50.4672
     885      49.9938
     886      49.9405
     887      49.2943
     888      47.6158
     889      44.9184
     890      47.3400
     891      48.5934
     892      48.0041
     893      48.8319
     894      48.4857
     895      47.5220
     896      48.0821
     897      49.2340
     898      50.1621
     899      49.7232
     900      49.4821
     901      48.0691
     902      47.9623
     903      48.0358
     904      48.4027
     905      48.6436
     906      49.7977
     907      49.8622
     908      51.0905
     909      50.6200
     910      50.5723
     911      50.7727
     912      50.4778
     913      49.6248
     914      49.8821
     915      50.5202
     916      48.3677
     917      47.6942
     918      47.7476
     919      48.3826
     920      48.9022
     921      48.2041
     922      48.0326
     923      47.3258
     924      46.9929
     925      47.8065
     926      47.6337
     927      48.5135
     928      50.1537
     929      50.4436
     930      48.3953
     931      47.7889
     932      48.0394
     933      47.3022
     934      47.7775
     935      47.5930
     936      46.8306
     937      46.8878
