#Frame          ANdis
       1      43.1005
       2      42.8819
       3      43.6089
       4      43.2727
       5      42.5706
       6      42.8011
       7      43.5418
       8      43.8464
       9      43.0588
      10      43.2404
      11      42.6902
      12      41.5993
      13      41.3562
      14      41.1460
      15      40.5863
      16      40.2143
      17      39.6904
      18      40.4742
      19      41.0712
      20      41.3438
      21      41.4166
      22      41.9625
      23      41.9819
      24      43.1897
      25      43.3054
      26      42.6078
      27      42.9910
      28      43.7753
      29      44.5895
      30      43.2889
      31      42.8552
      32      44.5429
      33      44.4591
      34      45.0282
      35      43.7578
      36      43.4478
      37      43.7712
      38      42.5491
      39      42.7877
      40      43.0465
      41      41.9467
      42      43.0772
      43      42.7207
      44      42.7365
      45      42.8165
      46      42.1944
      47      42.2253
      48      41.9290
      49      41.3947
      50      41.6426
      51      41.1220
      52      41.7378
      53      41.7575
      54      41.3653
      55      42.1714
      56      41.6031
      57      41.6300
      58      40.4723
      59      40.0028
      60      39.9194
      61      39.8012
      62      40.8895
      63      40.8871
      64      42.2047
      65      41.7089
      66      41.5792
      67      40.0786
      68      40.0430
      69      39.5363
      70      40.2109
      71      39.0133
      72      38.3680
      73      39.0443
      74      39.7897
      75      39.2877
      76      39.7221
      77      38.6598
      78      39.3271
      79      40.0851
      80      39.8481
      81      41.5856
      82      41.4418
      83      41.0940
      84      41.0602
      85      42.1781
      86      41.1453
      87      40.7767
      88      41.7188
      89      42.3941
      90      41.9232
      91      42.2395
      92      41.8642
      93      41.7562
      94      41.5743
      95      41.3121
      96      41.2082
      97      40.5592
      98      39.3277
      99      40.9482
     100      41.1503
     101      41.1153
     102      40.6596
     103      40.8168
     104      41.3542
     105      41.4231
     106      42.1683
     107      42.2535
     108      42.1037
     109      42.0535
     110      41.9074
     111      41.7183
     112      41.4743
     113      40.1590
     114      40.8862
     115      41.0500
     116      40.3207
     117      40.1541
     118      40.8510
     119      41.7051
     120      41.1215
     121      41.0054
     122      40.8211
     123      40.3144
     124      41.3081
     125      41.1522
     126      40.8534
     127      40.9953
     128      40.8311
     129      40.7080
     130      40.1260
     131      40.7254
     132      41.4932
     133      42.0685
     134      42.7453
     135      43.4045
     136      42.9931
     137      42.9652
     138      42.8290
     139      41.6514
     140      41.5740
     141      41.6137
     142      41.8826
     143      41.1931
     144      41.4616
     145      40.4825
     146      41.0036
     147      39.9036
     148      40.1885
     149      41.6709
     150      42.1108
     151      42.7598
     152      42.1992
     153      43.5141
     154      43.5286
     155      43.7128
     156      43.5151
     157      43.4057
     158      42.9248
     159      42.2131
     160      43.5752
     161      42.1660
     162      42.1730
     163      42.0890
     164      42.2213
     165      43.4046
     166      44.8067
     167      45.1686
     168      43.6256
     169      43.2839
     170      43.3355
     171      44.2807
     172      44.5027
     173      43.8504
     174      44.2879
     175      44.9418
     176      45.7359
     177      45.0936
     178      44.2595
     179      44.6432
     180      44.9185
     181      45.4393
     182      45.7983
     183      46.9153
     184      47.0178
     185      47.0160
     186      45.1803
     187      43.5824
     188      42.3706
     189      43.1618
     190      42.6456
     191      41.9554
     192      43.2715
     193      42.6846
     194      44.0152
     195      43.8932
     196      43.8109
     197      43.7126
     198      43.0285
     199      44.3084
     200      44.5646
     201      45.6159
     202      44.8984
     203      45.4609
     204      44.7461
     205      42.8722
     206      42.4700
     207      41.1117
     208      40.5169
     209      41.5643
     210      41.5261
     211      41.2785
     212      40.6619
     213      39.4002
     214      39.6603
     215      39.9786
     216      39.9598
     217      38.8861
     218      38.3537
     219      37.9383
     220      38.9535
     221      38.8458
     222      39.6324
     223      40.2067
     224      40.3907
     225      39.9050
     226      39.6102
     227      39.9446
     228      39.3360
     229      39.1450
     230      38.9833
     231      39.6568
     232      39.8950
     233      40.8754
     234      42.0777
     235      40.7511
     236      41.3145
     237      40.2472
     238      40.8374
     239      40.2128
     240      40.3547
     241      40.4689
     242      41.0446
     243      41.8082
     244      42.8918
     245      41.7554
     246      41.1394
     247      40.8341
     248      41.3457
     249      41.1794
     250      41.0652
     251      40.7815
     252      41.0140
     253      41.8627
     254      42.5998
     255      42.2502
     256      42.2443
     257      42.1034
     258      41.7827
     259      41.7875
     260      41.6963
     261      41.6599
     262      40.0586
     263      41.2445
     264      41.0268
     265      42.3647
     266      42.0260
     267      41.6924
     268      41.0395
     269      42.3954
     270      41.9036
     271      42.4949
     272      41.3478
     273      41.3711
     274      43.2662
     275      44.3756
     276      45.1941
     277      42.9828
     278      43.8846
     279      43.3473
     280      42.6796
     281      42.9193
     282      43.4137
     283      41.9223
     284      41.7307
     285      41.1144
     286      40.2413
     287      40.6560
     288      40.4688
     289      40.3179
     290      41.1374
     291      41.9880
     292      43.0959
     293      41.6730
     294      41.5564
     295      41.0792
     296      42.2572
     297      41.2335
     298      41.7564
     299      42.4220
     300      42.9063
     301      42.8683
     302      43.0843
     303      42.2013
     304      43.2924
     305      42.7611
     306      43.3499
     307      42.7797
     308      42.5915
     309      41.9227
     310      42.8371
     311      42.2885
     312      42.5401
     313      43.0082
     314      42.6247
     315      42.2655
     316      42.7743
     317      42.7508
     318      43.6757
     319      43.4571
     320      42.1219
     321      43.1369
     322      44.4602
     323      44.3383
     324      44.8540
     325      43.1783
     326      43.8779
     327      43.5070
     328      43.2646
     329      43.0614
     330      43.0439
     331      44.3426
     332      44.7738
     333      44.8784
     334      43.7812
     335      43.7631
     336      43.5248
     337      43.8099
     338      43.0890
     339      43.6614
     340      45.2203
     341      45.6301
     342      45.5834
     343      46.7457
     344      46.6938
     345      45.9967
     346      45.9980
     347      44.2983
     348      43.7404
     349      44.0811
     350      43.9395
     351      44.0645
     352      45.0973
     353      43.2758
     354      43.4052
     355      44.3139
     356      44.4188
     357      44.5706
     358      44.7347
     359      46.3625
     360      46.0056
     361      44.8942
     362      44.6863
     363      44.3426
     364      44.5815
     365      44.6851
     366      45.5972
     367      45.2778
     368      44.0884
     369      43.7228
     370      43.4605
     371      43.4947
     372      43.3504
     373      44.5535
     374      42.5669
     375      41.4928
     376      41.3914
     377      41.3956
     378      40.5668
     379      40.2902
     380      40.5053
     381      39.6910
     382      40.3402
     383      39.8093
     384      39.9168
     385      38.5075
     386      39.2770
     387      38.8574
     388      38.9650
     389      39.4435
     390      38.9983
     391      39.5587
     392      40.2680
     393      40.4531
     394      40.7041
     395      40.8066
     396      41.6383
     397      41.2630
     398      41.7319
     399      41.0897
     400      40.9196
     401      41.6011
     402      41.4946
     403      41.2534
     404      40.6773
     405      41.2248
     406      40.2147
     407      40.0882
     408      41.0069
     409      41.5049
     410      41.4343
     411      41.0509
     412      40.0433
     413      40.2704
     414      41.6575
     415      41.7696
     416      41.8193
     417      41.2298
     418      41.3889
     419      40.6018
     420      39.8099
     421      40.4641
     422      40.8912
     423      40.6529
     424      40.5784
     425      41.2068
     426      40.6945
     427      41.5667
     428      41.2120
     429      41.6397
     430      40.9497
     431      40.8263
     432      40.4514
     433      40.3420
     434      40.8788
     435      41.0357
     436      40.7741
     437      40.5837
     438      39.9482
     439      40.1745
     440      40.1220
     441      40.4784
     442      39.5229
     443      39.5898
     444      40.2468
     445      40.6499
     446      39.3879
     447      39.3061
     448      38.9076
     449      38.5427
     450      38.7157
     451      39.8515
     452      39.5186
     453      39.7398
     454      39.0632
     455      39.8232
     456      39.8944
     457      39.8831
     458      39.3320
     459      38.6373
     460      39.2137
     461      39.2767
     462      39.4462
     463      39.2293
     464      39.2572
     465      38.4327
     466      37.6059
     467      38.2797
     468      38.6995
     469      38.1760
     470      38.9061
     471      39.2660
     472      38.5476
     473      39.1478
     474      39.3721
     475      39.6044
     476      39.8212
     477      39.6647
     478      38.2647
     479      38.3172
     480      39.7077
     481      38.9364
     482      38.6686
     483      38.3817
     484      37.8447
     485      38.1700
     486      38.8628
     487      38.7115
     488      39.7599
     489      39.0430
     490      39.0010
     491      39.0092
     492      39.4234
     493      41.0390
     494      40.1920
     495      38.3285
     496      38.4684
     497      38.8698
     498      38.6418
     499      38.2192
     500      37.4516
     501      38.3430
     502      37.5756
     503      37.3221
     504      37.8656
     505      37.6933
     506      37.8771
     507      38.2048
     508      37.7270
     509      36.9899
     510      35.9265
     511      36.5321
     512      36.6759
     513      37.2513
     514      36.7999
     515      36.3806
     516      36.0806
     517      35.9607
     518      35.7069
     519      36.0156
     520      36.3261
     521      36.5405
     522      37.1965
     523      36.8597
     524      36.4296
     525      37.2749
     526      37.3035
     527      36.0722
     528      36.3303
     529      36.3215
     530      36.3775
     531      36.3361
     532      36.5348
     533      36.6339
     534      35.4864
     535      36.4896
     536      37.0990
     537      36.9093
     538      37.1736
     539      36.8729
     540      36.5313
     541      36.4923
     542      36.1146
     543      36.3519
     544      36.3238
     545      37.3380
     546      37.9238
     547      37.5250
     548      37.1078
     549      36.9435
     550      36.8201
     551      36.8373
     552      36.7043
     553      37.1237
     554      36.5152
     555      35.6088
     556      34.9689
     557      35.4841
     558      35.8942
     559      36.0447
     560      36.0548
     561      36.5237
     562      36.9744
     563      36.3066
     564      36.5890
     565      36.8861
     566      36.8878
     567      37.1943
     568      36.8698
     569      36.8356
     570      36.6020
     571      36.4719
     572      37.3355
     573      36.7521
     574      37.0918
     575      36.6470
     576      35.6622
     577      35.7963
     578      35.9388
     579      35.1748
     580      34.7564
     581      35.1829
     582      35.8422
     583      35.6564
     584      35.8697
     585      36.5293
     586      35.9135
     587      35.4565
     588      36.9930
     589      35.8586
     590      35.6577
     591      35.3474
     592      34.8723
     593      35.1333
     594      35.6119
     595      35.0921
     596      34.9938
     597      35.1968
     598      34.5625
     599      35.0512
     600      34.6927
     601      34.9799
     602      35.2267
     603      35.0447
     604      34.6337
     605      34.9140
     606      34.6308
     607      34.4456
     608      34.1223
     609      34.2153
     610      34.5931
     611      34.4191
     612      35.0048
     613      34.2026
     614      34.3887
     615      34.4900
     616      34.6010
     617      34.8013
     618      34.7470
     619      34.4852
     620      34.4704
     621      33.9509
     622      34.4727
     623      34.9929
     624      34.4518
     625      34.2721
     626      33.9857
     627      34.1626
     628      34.4091
     629      34.6023
     630      35.1256
     631      34.4786
     632      34.7920
     633      34.3002
     634      33.6532
     635      34.2517
     636      33.5648
     637      33.7268
     638      33.3914
     639      33.2805
     640      33.6717
     641      33.4877
     642      33.5592
     643      34.0975
     644      33.8115
     645      33.2675
     646      33.8505
     647      33.6643
     648      33.4797
     649      33.8038
     650      33.7631
     651      34.2177
     652      34.7815
     653      34.6580
     654      34.6015
     655      34.3891
     656      34.7001
     657      34.6703
     658      34.5502
     659      34.1857
     660      34.4152
     661      33.9824
     662      33.9157
     663      33.9610
     664      34.2234
     665      34.1476
     666      34.7211
     667      34.5701
     668      34.3535
     669      34.3890
     670      34.3780
     671      34.9203
     672      34.2428
     673      34.1179
     674      34.2401
     675      34.5497
     676      34.2926
     677      34.1324
     678      33.8676
     679      33.8634
     680      33.4321
     681      33.3123
     682      33.7327
     683      34.0262
     684      33.4900
     685      34.1776
     686      33.9983
     687      33.9614
     688      34.1822
     689      33.2028
     690      34.4073
     691      34.2580
     692      33.9810
     693      33.7664
     694      34.4633
     695      34.5843
     696      34.2497
     697      34.0687
     698      34.1542
     699      33.7911
     700      34.1692
     701      34.2249
     702      34.2267
     703      33.7719
     704      34.3468
     705      34.4468
     706      33.9467
     707      33.6983
     708      34.0605
     709      34.7650
     710      33.9845
     711      34.2002
     712      33.8853
     713      33.8195
     714      34.3871
     715      34.3986
     716      34.1904
     717      34.2284
     718      33.7138
     719      34.1250
     720      34.2122
     721      34.1034
     722      33.7362
     723      34.3081
     724      34.7142
     725      33.9950
     726      34.5087
     727      34.0091
     728      34.1336
     729      34.1694
     730      33.7737
     731      34.6369
     732      34.6777
     733      34.2119
     734      34.6107
     735      34.4382
     736      34.0717
     737      34.4857
     738      34.0181
     739      34.0198
     740      34.4116
     741      34.0517
     742      33.8675
     743      33.8359
     744      34.1749
     745      34.0572
     746      34.5175
     747      34.2892
     748      34.7073
     749      34.5519
     750      34.9288
     751      34.7928
     752      34.5367
     753      33.9961
     754      33.6639
     755      33.7101
     756      34.1220
     757      34.2087
     758      33.4054
     759      33.2154
     760      33.1479
     761      33.5144
     762      33.4254
     763      33.4472
     764      33.6448
     765      33.6060
     766      33.5112
     767      33.6788
     768      33.7597
     769      33.6101
     770      34.1146
     771      33.8004
     772      34.1111
     773      34.1023
     774      33.6938
     775      33.6645
     776      33.2062
     777      33.3810
     778      33.1784
     779      33.4613
     780      33.6597
     781      32.7286
     782      32.8636
     783      32.9542
     784      33.0569
     785      32.6514
     786      32.7723
     787      32.6782
     788      32.5909
     789      33.4763
     790      33.3738
     791      33.0707
     792      33.2624
     793      32.8474
     794      32.9365
     795      32.8420
     796      33.4235
     797      33.0553
     798      33.4492
     799      33.4580
     800      33.9436
     801      33.1000
     802      33.1590
     803      33.0981
     804      33.0230
     805      32.8496
     806      33.3970
     807      32.7446
     808      32.5572
     809      33.2280
     810      33.0416
     811      32.9424
     812      33.1344
     813      33.0846
     814      33.2127
     815      33.2591
     816      33.3911
     817      33.1287
     818      33.1706
     819      33.3658
     820      33.4023
     821      33.3966
     822      33.2675
     823      33.0430
     824      32.9802
     825      33.2702
     826      33.0175
     827      33.4525
     828      33.4521
     829      32.7704
     830      33.3501
     831      33.0412
     832      33.0367
     833      32.9745
     834      32.8775
     835      32.6589
     836      33.7518
     837      33.8512
     838      33.9245
     839      33.5370
     840      33.5808
     841      33.1511
     842      33.6651
     843      33.6366
     844      33.9918
     845      33.6407
     846      33.7180
     847      33.8476
     848      33.5992
     849      33.4963
     850      34.0137
     851      33.4218
     852      33.2349
     853      33.7151
     854      34.1050
     855      33.7283
     856      33.7076
     857      33.7921
     858      34.0694
     859      33.5503
     860      33.7861
     861      34.0563
     862      33.7602
     863      34.0710
     864      34.0720
     865      33.5592
     866      33.7787
     867      33.7113
     868      34.0801
     869      33.6639
     870      33.8570
     871      33.9071
     872      33.3138
     873      34.0746
     874      34.3420
     875      34.3577
     876      34.5219
     877      34.3360
     878      34.4578
     879      34.5799
     880      34.4992
     881      34.3917
     882      34.5184
     883      34.1134
     884      33.8426
     885      33.8643
     886      34.1533
     887      33.4665
     888      34.1397
     889      33.9567
     890      33.8915
     891      34.4335
     892      33.9872
     893      34.3111
     894      34.2082
     895      33.9384
     896      33.9634
     897      34.4281
     898      34.8044
     899      34.3816
     900      34.3586
     901      34.1774
     902      34.3193
     903      34.1159
     904      34.5649
     905      34.3234
     906      34.3441
     907      33.9200
     908      33.6688
     909      33.5982
     910      33.6048
     911      34.0243
     912      34.3259
     913      33.7706
     914      34.1518
     915      33.5661
     916      34.0332
     917      34.2218
     918      34.3070
     919      34.5834
     920      34.5339
     921      34.7323
     922      34.4576
     923      34.6262
     924      34.4308
     925      35.0194
     926      34.9246
     927      34.3940
     928      34.2840
     929      34.1379
     930      34.2169
     931      33.9601
     932      34.5395
     933      34.7335
     934      34.8399
     935      34.6007
     936      34.2002
     937      34.4229
     938      34.4062
     939      34.4400
     940      34.6344
     941      34.6111
     942      34.0688
     943      34.9158
     944      34.7647
     945      34.4430
     946      34.5459
     947      34.4384
     948      34.5164
     949      34.1485
     950      34.0896
     951      34.4187
     952      33.8868
     953      34.3032
     954      33.6058
     955      34.1455
     956      34.2267
     957      33.8960
     958      34.3040
     959      34.6026
     960      34.6088
     961      34.2509
     962      34.2244
     963      34.5370
     964      34.3016
     965      34.2664
     966      34.2765
     967      34.3968
     968      34.3085
     969      34.1970
     970      33.7166
     971      34.2558
     972      33.7922
     973      34.5721
     974      34.2028
     975      34.0199
     976      33.8292
     977      34.4263
     978      34.2516
     979      34.3179
     980      34.1539
     981      34.8369
     982      33.7893
     983      33.8443
     984      34.4282
     985      34.5677
     986      34.0973
     987      34.6285
     988      34.4965
     989      34.2608
     990      34.9978
     991      34.9700
     992      35.0145
     993      34.8296
     994      35.0182
     995      34.7101
     996      34.2938
     997      34.5570
     998      33.9836
     999      33.6744
    1000      33.9023
    1001      33.5881
    1002      34.2143
    1003      34.6714
    1004      34.5197
    1005      34.6674
    1006      34.1516
    1007      34.4976
    1008      34.6253
    1009      34.1934
    1010      34.1782
    1011      34.0163
    1012      34.2551
    1013      33.9248
    1014      33.8952
    1015      34.0818
    1016      33.8671
    1017      34.6492
    1018      34.5058
    1019      34.3645
    1020      34.6886
    1021      35.4266
    1022      34.9636
    1023      35.0160
    1024      34.3935
    1025      34.5786
    1026      34.4516
    1027      34.5045
    1028      34.1389
    1029      34.6767
    1030      35.1162
    1031      34.5982
    1032      34.6495
    1033      34.3901
    1034      34.6727
    1035      34.6684
    1036      34.7417
    1037      34.1058
    1038      34.4210
    1039      34.6756
    1040      34.2701
    1041      34.4852
    1042      34.6321
    1043      34.5461
    1044      34.3232
    1045      34.1452
    1046      34.4671
    1047      34.7352
    1048      34.7888
    1049      35.0181
    1050      34.6329
    1051      34.9317
    1052      34.1749
    1053      34.8734
    1054      34.7843
    1055      34.9156
    1056      34.8424
    1057      34.7254
    1058      34.8561
    1059      34.8192
    1060      34.7667
    1061      34.7216
    1062      35.0423
    1063      34.7257
    1064      34.8084
    1065      35.0639
    1066      34.6553
    1067      34.8666
    1068      35.0465
    1069      35.1093
    1070      35.3922
    1071      34.9445
    1072      34.9577
    1073      35.6423
    1074      35.6493
    1075      34.8583
    1076      34.4890
    1077      34.7555
    1078      34.5228
    1079      35.1295
    1080      35.6541
    1081      35.0138
    1082      34.7265
    1083      34.3071
    1084      34.5439
    1085      35.2962
    1086      34.7021
    1087      35.4209
    1088      35.1685
    1089      34.8533
    1090      35.1288
    1091      35.8004
    1092      36.1403
    1093      35.7116
    1094      35.3325
    1095      35.3072
    1096      35.4004
    1097      35.3828
    1098      35.7343
    1099      35.5224
    1100      35.3560
    1101      35.2759
    1102      35.1698
    1103      35.3826
    1104      34.9589
    1105      35.1792
    1106      35.1989
    1107      34.6954
    1108      34.9215
    1109      35.0877
    1110      34.9330
    1111      35.2628
    1112      35.3496
    1113      35.0626
    1114      35.3459
    1115      35.1913
    1116      35.0184
    1117      35.4587
    1118      35.3372
    1119      35.3597
    1120      35.0034
    1121      35.5904
    1122      35.5775
    1123      35.1185
    1124      35.4861
    1125      35.2385
    1126      35.6317
    1127      35.3857
    1128      35.3180
    1129      35.3716
    1130      34.9197
    1131      34.8246
    1132      34.8083
    1133      35.7037
    1134      35.4668
    1135      35.6597
    1136      35.2998
    1137      34.7581
    1138      35.2256
    1139      34.8467
    1140      35.0200
    1141      35.0722
    1142      34.8644
    1143      35.0616
    1144      34.7331
    1145      35.1979
    1146      34.8728
    1147      35.0447
    1148      35.6072
    1149      35.4505
    1150      36.6459
    1151      36.4432
    1152      36.3744
    1153      36.7413
    1154      36.6030
    1155      35.7476
    1156      35.5519
    1157      35.5070
    1158      35.1801
    1159      35.4158
    1160      35.1827
    1161      35.1342
    1162      35.5667
    1163      36.3649
    1164      35.9683
    1165      36.2763
    1166      36.2388
    1167      36.0365
    1168      35.0946
    1169      36.1444
    1170      35.1404
    1171      34.8408
    1172      34.9752
    1173      34.8136
    1174      35.0206
    1175      34.2572
    1176      34.5431
    1177      33.7591
    1178      33.8466
    1179      33.3726
    1180      33.5694
    1181      33.5299
    1182      33.2631
    1183      33.0058
    1184      32.8065
    1185      32.6923
    1186      32.8454
    1187      32.7300
    1188      32.5968
    1189      32.9455
    1190      32.8571
    1191      33.3788
    1192      33.1883
    1193      32.8828
    1194      33.0110
    1195      33.0017
    1196      32.6560
    1197      32.7027
    1198      33.0651
    1199      33.1552
    1200      32.7054
    1201      33.1595
    1202      33.5149
    1203      34.3949
    1204      33.9247
    1205      33.7097
    1206      33.5450
    1207      33.8443
    1208      33.0810
    1209      33.8340
    1210      33.6099
    1211      33.5818
    1212      33.5139
    1213      33.9335
    1214      34.2249
    1215      33.9605
    1216      34.7151
    1217      33.9334
    1218      33.7223
    1219      33.9020
    1220      34.0457
    1221      34.0288
    1222      34.6428
    1223      34.3746
    1224      34.7715
    1225      35.0940
    1226      35.3692
    1227      35.1235
    1228      35.9129
    1229      36.3787
    1230      36.9898
    1231      36.1821
    1232      36.3583
    1233      37.0880
    1234      36.3604
    1235      36.1787
    1236      36.3908
    1237      36.4620
    1238      36.4043
    1239      36.7611
    1240      35.8665
    1241      35.7569
    1242      35.4982
    1243      35.1940
    1244      35.2376
    1245      35.5620
    1246      36.1670
    1247      36.5553
    1248      35.6659
    1249      36.1326
    1250      36.5326
    1251      35.9816
    1252      36.6255
    1253      36.1051
    1254      36.6000
    1255      37.1959
    1256      36.7583
    1257      36.0302
    1258      35.9395
    1259      36.3216
    1260      35.5241
    1261      35.0790
    1262      35.2883
    1263      35.4298
    1264      35.4806
    1265      35.2841
    1266      35.9290
    1267      34.9365
    1268      35.0923
    1269      35.7458
    1270      35.7767
    1271      36.0843
    1272      35.5926
    1273      35.4192
    1274      35.8942
    1275      36.2520
    1276      36.2352
    1277      35.7228
    1278      35.2872
    1279      35.3176
    1280      34.9788
    1281      35.3762
    1282      35.1623
    1283      35.3169
    1284      35.1557
    1285      34.8027
    1286      34.2024
    1287      34.3719
    1288      35.1311
    1289      34.5652
    1290      34.4487
    1291      34.4824
    1292      35.2259
    1293      34.2553
    1294      34.3355
    1295      34.9105
    1296      35.1536
    1297      35.1492
    1298      34.7363
    1299      34.9714
    1300      34.7175
    1301      35.2732
    1302      35.5195
    1303      35.9776
    1304      36.0043
    1305      35.6722
    1306      35.8671
    1307      36.7047
    1308      36.8547
    1309      36.5378
    1310      37.1113
    1311      37.3966
    1312      36.7975
    1313      36.8331
    1314      36.4059
    1315      36.1679
    1316      35.7275
    1317      36.5000
    1318      37.2672
    1319      36.6703
    1320      37.0048
    1321      36.4948
    1322      36.8774
    1323      36.7516
    1324      37.1234
    1325      37.3610
    1326      37.1045
    1327      37.2907
    1328      36.9734
    1329      36.6537
    1330      36.2387
    1331      36.1861
    1332      36.2373
    1333      35.6417
    1334      35.4677
    1335      35.9439
    1336      36.5019
    1337      36.0002
    1338      36.0157
    1339      35.4805
    1340      35.7443
    1341      35.4377
    1342      34.9092
    1343      35.4087
    1344      35.2110
    1345      36.0129
    1346      36.2984
    1347      35.3956
    1348      35.5868
    1349      36.5059
    1350      36.1713
    1351      36.1440
    1352      35.9337
    1353      35.6874
    1354      36.0271
    1355      36.5347
    1356      36.2872
    1357      36.0198
    1358      35.4157
    1359      36.1293
    1360      36.3682
    1361      35.8843
    1362      35.8359
    1363      36.0565
    1364      36.4180
    1365      36.6264
    1366      36.2850
    1367      36.6623
    1368      36.6879
    1369      36.4544
    1370      36.1548
    1371      36.3700
    1372      36.4191
    1373      36.6321
    1374      37.5504
    1375      36.8654
    1376      36.9271
    1377      37.2798
    1378      36.6004
    1379      36.4876
    1380      36.9088
    1381      36.8439
    1382      36.3735
    1383      36.8767
    1384      36.7775
    1385      37.4887
    1386      36.6545
    1387      36.7556
    1388      36.3461
    1389      36.5542
    1390      36.7994
    1391      36.3207
    1392      36.5965
    1393      36.8986
    1394      36.8132
    1395      36.1885
    1396      37.2418
    1397      36.8146
    1398      36.5259
    1399      36.7264
    1400      36.5709
    1401      37.4267
    1402      37.1589
    1403      38.0375
    1404      36.7466
    1405      36.0194
    1406      36.5075
    1407      36.1586
    1408      36.4125
    1409      36.0589
    1410      37.0305
    1411      37.2044
    1412      38.0534
    1413      36.6749
    1414      36.7637
    1415      36.3502
    1416      36.8639
    1417      37.3936
    1418      36.3541
    1419      36.2044
    1420      36.1168
    1421      37.1198
    1422      37.4391
    1423      36.7946
    1424      36.7074
    1425      36.0570
    1426      35.8148
    1427      36.5449
    1428      36.6773
    1429      36.9391
    1430      36.5338
    1431      35.6970
    1432      36.0019
    1433      36.0543
    1434      36.1443
    1435      36.9658
    1436      36.8224
    1437      36.4249
    1438      36.3256
    1439      36.5427
    1440      36.2138
    1441      36.3797
    1442      37.0979
    1443      36.1328
    1444      37.2943
    1445      36.4679
    1446      36.4055
    1447      36.2632
    1448      37.0879
    1449      36.7156
    1450      36.9110
    1451      38.2321
    1452      37.1580
    1453      37.3013
    1454      37.2610
    1455      36.5771
    1456      36.2596
    1457      36.0820
    1458      36.2540
    1459      36.4569
    1460      36.5129
    1461      36.8837
    1462      36.6678
    1463      36.8174
    1464      36.6332
    1465      36.9414
    1466      36.8746
    1467      37.0657
    1468      37.8515
    1469      37.1220
    1470      36.8500
    1471      36.7450
    1472      37.1035
    1473      37.0588
    1474      37.4410
    1475      37.5222
    1476      36.7790
    1477      37.4724
    1478      36.9528
    1479      37.2349
    1480      37.3342
    1481      37.2486
    1482      37.5219
    1483      37.2725
    1484      37.9890
    1485      37.4510
    1486      37.5767
    1487      37.7346
    1488      37.5520
    1489      37.2673
    1490      37.5693
    1491      37.6830
    1492      38.1280
    1493      38.5462
    1494      38.5122
    1495      38.1331
    1496      37.6171
    1497      37.4524
    1498      37.8280
    1499      38.1291
    1500      38.6545
    1501      37.8055
    1502      38.2301
    1503      37.8258
    1504      38.0445
    1505      37.1574
    1506      37.7554
    1507      37.5107
    1508      37.0624
    1509      37.3205
    1510      37.1541
    1511      37.0394
    1512      37.4336
    1513      37.3683
    1514      36.5665
    1515      36.9391
    1516      37.3053
    1517      37.1757
    1518      37.1444
    1519      37.4975
    1520      37.2040
    1521      36.8459
    1522      37.5464
    1523      38.0042
    1524      37.9073
    1525      36.6471
    1526      36.8819
    1527      37.1916
    1528      37.4571
    1529      37.2260
    1530      37.2476
    1531      36.9700
    1532      37.1034
    1533      37.2063
    1534      37.2164
    1535      37.5088
    1536      36.2924
    1537      36.5522
    1538      36.8784
    1539      37.8080
    1540      37.7435
    1541      37.8696
    1542      36.9769
    1543      36.6528
    1544      36.4003
    1545      36.9311
    1546      37.0301
    1547      36.8068
    1548      36.5154
    1549      36.7592
    1550      37.1062
    1551      36.4057
    1552      34.9305
    1553      36.0768
    1554      36.8657
    1555      36.5205
    1556      37.3440
    1557      36.9415
    1558      36.4592
    1559      36.1913
    1560      36.0883
    1561      35.6380
    1562      36.5428
    1563      36.6980
    1564      35.9457
    1565      36.4749
    1566      37.0972
    1567      36.5817
    1568      36.7302
    1569      36.8384
    1570      36.6449
    1571      37.0737
    1572      37.2549
    1573      36.4619
    1574      37.0876
    1575      36.9322
    1576      37.2350
    1577      37.1658
    1578      37.7648
    1579      38.2003
    1580      38.9057
    1581      38.9280
    1582      37.8403
    1583      37.8518
    1584      37.9817
    1585      37.5784
    1586      37.9525
    1587      37.4857
    1588      37.4526
    1589      38.2358
    1590      37.9906
    1591      38.1747
    1592      38.4553
    1593      37.6295
    1594      38.3774
    1595      37.0726
    1596      37.2329
    1597      37.4368
    1598      37.4834
    1599      37.3541
    1600      36.9458
    1601      36.6971
    1602      37.0207
    1603      37.4194
    1604      37.2043
    1605      37.4798
    1606      37.7927
    1607      37.5471
    1608      37.0005
    1609      37.0390
    1610      36.8645
    1611      38.0605
    1612      37.8966
    1613      36.6099
    1614      36.8402
    1615      36.9622
    1616      37.0213
    1617      36.4657
    1618      36.8080
    1619      37.0359
    1620      37.2524
    1621      37.2921
    1622      37.3812
    1623      37.4533
    1624      37.0645
    1625      36.5171
    1626      36.0579
    1627      36.5222
    1628      36.6846
    1629      36.5928
    1630      37.0310
    1631      36.4779
    1632      36.7029
    1633      36.6656
    1634      36.7207
    1635      36.6572
    1636      37.1819
    1637      36.3109
    1638      36.7625
    1639      36.9361
    1640      37.3158
    1641      36.6472
    1642      36.6073
    1643      36.8437
    1644      36.2511
    1645      36.0301
    1646      36.2051
    1647      35.4872
    1648      36.6498
    1649      37.2311
    1650      37.8752
    1651      37.2151
    1652      37.4233
    1653      37.3225
    1654      37.9811
    1655      37.0475
    1656      37.3091
    1657      37.1620
    1658      37.7391
    1659      37.8089
    1660      37.7740
    1661      37.7264
    1662      37.0666
    1663      37.5174
    1664      36.8591
    1665      37.5410
    1666      37.6290
    1667      37.6045
    1668      36.8115
    1669      37.0477
    1670      36.8443
    1671      36.5874
    1672      37.2337
    1673      37.0122
    1674      37.0513
    1675      37.6108
    1676      37.5403
    1677      37.3705
    1678      37.4375
    1679      37.8643
    1680      37.1385
    1681      37.4243
    1682      37.8653
    1683      37.9313
    1684      37.8017
    1685      37.8187
    1686      37.1325
    1687      37.4844
    1688      37.2057
    1689      37.7197
    1690      37.8448
    1691      37.1326
    1692      37.0405
    1693      37.4538
    1694      36.9638
    1695      36.7517
    1696      37.1026
    1697      37.4031
    1698      37.3041
    1699      37.7308
    1700      37.3154
    1701      37.3859
    1702      37.7194
    1703      37.3568
    1704      37.3484
    1705      36.9148
    1706      36.3821
    1707      36.7766
    1708      35.5834
    1709      36.8810
    1710      36.6521
    1711      37.0239
    1712      37.0452
    1713      36.6973
    1714      36.3450
    1715      36.9808
    1716      36.5637
    1717      36.4601
    1718      36.9241
    1719      36.3155
    1720      36.7875
