#Frame          ANdis
       1      45.7845
       2      44.8426
       3      44.4000
       4      43.4250
       5      43.5478
       6      43.4405
       7      43.7224
       8      43.6638
       9      43.8199
      10      42.8484
      11      45.1295
      12      43.9488
      13      43.0509
      14      42.5879
      15      43.4316
      16      43.5688
      17      42.1984
      18      42.1331
      19      42.1260
      20      42.3875
      21      42.6608
      22      42.5702
      23      44.1737
      24      43.7573
      25      43.5115
      26      41.9387
      27      42.8408
      28      43.6327
      29      44.7485
      30      43.7099
      31      43.1462
      32      42.6436
      33      43.3862
      34      43.3976
      35      43.1706
      36      43.5923
      37      44.1233
      38      44.0704
      39      44.5689
      40      44.2731
      41      43.3445
      42      42.9612
      43      42.3019
      44      42.7456
      45      42.8245
      46      43.1926
      47      42.5429
      48      43.7404
      49      42.2457
      50      42.6723
      51      42.3273
      52      42.7635
      53      43.4341
      54      42.6561
      55      42.6617
      56      43.1105
      57      43.5402
      58      43.7347
      59      43.6016
      60      44.4193
      61      43.5389
      62      43.7419
      63      43.7494
      64      42.9529
      65      43.3552
      66      43.5479
      67      43.3071
      68      43.0457
      69      44.0571
      70      43.0669
      71      42.8265
      72      43.6795
      73      43.4571
      74      44.6188
      75      45.5750
      76      44.6530
      77      44.3221
      78      44.8238
      79      44.4883
      80      44.8927
      81      45.5825
      82      44.7789
      83      44.2861
      84      45.0956
      85      46.1817
      86      46.5173
      87      46.8928
      88      45.4606
      89      45.7776
      90      44.9826
      91      44.8075
      92      44.3593
      93      44.9933
      94      44.0292
      95      43.7765
      96      44.2896
      97      45.2611
      98      44.3781
      99      44.7018
     100      44.3977
     101      45.1528
     102      44.6948
     103      44.5871
     104      44.5603
     105      44.1334
     106      44.2462
     107      43.8883
     108      42.6280
     109      42.6788
     110      42.8894
     111      42.5463
     112      40.8094
     113      40.8272
     114      41.7136
     115      42.0360
     116      42.8006
     117      42.5645
     118      42.0444
     119      42.3417
     120      42.4983
     121      41.8200
     122      43.2027
     123      43.0536
     124      43.2044
     125      43.5890
     126      43.7150
     127      42.9820
     128      43.4205
     129      42.4864
     130      43.1404
     131      43.9355
     132      43.5878
     133      43.6424
     134      43.0141
     135      43.4541
     136      44.3054
     137      44.8728
     138      44.7473
     139      43.6499
     140      43.0541
     141      43.0720
     142      43.8300
     143      43.9673
     144      44.2231
     145      43.2648
     146      43.2353
     147      43.1437
     148      42.5803
     149      40.9636
     150      40.8390
     151      41.5533
     152      43.1101
     153      42.8141
     154      43.1367
     155      43.3773
     156      41.9597
     157      43.3498
     158      44.5437
     159      44.4598
     160      44.4457
     161      45.5283
     162      45.0623
     163      43.9311
     164      44.6206
     165      44.4106
     166      43.2757
     167      43.8918
     168      43.3339
     169      43.3726
     170      42.7795
     171      42.8354
     172      41.9111
     173      42.7130
     174      43.0927
     175      43.1300
     176      42.6744
     177      42.7932
     178      42.7695
     179      42.3194
     180      43.1739
     181      41.3132
     182      40.6737
     183      40.2015
     184      40.1595
     185      40.0405
     186      40.8209
     187      40.7035
     188      39.8279
     189      40.0584
     190      40.3394
     191      40.2694
     192      40.4371
     193      40.2402
     194      40.4561
     195      40.6392
     196      40.9826
     197      40.8912
     198      40.5355
     199      41.6797
     200      40.8804
     201      41.6156
     202      40.5749
     203      41.5966
     204      42.2742
     205      42.4143
     206      41.1412
     207      40.8338
     208      40.5405
     209      40.3061
     210      41.6425
     211      40.5942
     212      40.1305
     213      41.1899
     214      41.4925
     215      40.3893
     216      40.5520
     217      40.5628
     218      40.6274
     219      39.8615
     220      39.7008
     221      40.1990
     222      39.5648
     223      39.8049
     224      38.9822
     225      39.5523
     226      40.2883
     227      40.0523
     228      39.5507
     229      40.4604
     230      40.1729
     231      40.3549
     232      40.5345
     233      39.9609
     234      40.0520
     235      39.5200
     236      39.4618
     237      39.2185
     238      38.7629
     239      38.8737
     240      38.0488
     241      38.1039
     242      38.2433
     243      38.4448
     244      37.9358
     245      37.2932
     246      37.3174
     247      37.7223
     248      37.4338
     249      37.9798
     250      38.4941
     251      37.9885
     252      38.0460
     253      37.7022
     254      36.9224
     255      36.7561
     256      36.5241
     257      36.1391
     258      36.4827
     259      36.9903
     260      36.4296
     261      36.6530
     262      36.5662
     263      36.8214
     264      36.9839
     265      36.5357
     266      36.9667
     267      36.5607
     268      37.8865
     269      37.9067
     270      38.0644
     271      37.7337
     272      37.4113
     273      37.3842
     274      38.3437
     275      37.5623
     276      38.4558
     277      38.9539
     278      38.4297
     279      38.8373
     280      38.9836
     281      37.7165
     282      37.6418
     283      37.8707
     284      37.2905
     285      37.3890
     286      37.1883
     287      37.7519
     288      37.1064
     289      37.4381
     290      36.5614
     291      36.7058
     292      37.4492
     293      36.2077
     294      36.2783
     295      36.2039
     296      36.0889
     297      35.4787
     298      35.5481
     299      35.7748
     300      35.5200
     301      35.9029
     302      36.7649
     303      36.5537
     304      36.9087
     305      37.3251
     306      37.0330
     307      37.1197
     308      37.5503
     309      37.4167
     310      36.6686
     311      37.3611
     312      37.2002
     313      37.1992
     314      37.2287
     315      37.9306
     316      37.2185
     317      37.3484
     318      37.3901
     319      37.9113
     320      37.4692
     321      37.1687
     322      36.5682
     323      37.3898
     324      37.3131
     325      37.2712
     326      37.0951
     327      37.7289
     328      37.4945
     329      37.7292
     330      38.0796
     331      37.9494
     332      38.2555
     333      37.8049
     334      37.7592
     335      37.3956
     336      38.1937
     337      37.9772
     338      37.8801
     339      37.8995
     340      38.7941
     341      38.2915
     342      38.2574
     343      38.8878
     344      38.4545
     345      38.5208
     346      38.7445
     347      38.5689
     348      38.3034
     349      38.6613
     350      39.3198
     351      38.8733
     352      39.3204
     353      39.5489
     354      39.1343
     355      39.2859
     356      39.2206
     357      39.6333
     358      38.5990
     359      38.6140
     360      38.8591
     361      38.4014
     362      38.5248
     363      39.0596
     364      38.9475
     365      38.3453
     366      38.8723
     367      38.7353
     368      39.1169
     369      39.0837
     370      39.7001
     371      39.5715
     372      39.2834
     373      39.0561
     374      38.6633
     375      38.5747
     376      38.3904
     377      38.3043
     378      38.7576
     379      38.6609
     380      39.1698
     381      39.0843
     382      39.1902
     383      39.2984
     384      39.2305
     385      39.7143
     386      38.8990
     387      39.5259
     388      39.1638
     389      39.3790
     390      38.3643
     391      38.9873
     392      39.7206
     393      38.3420
     394      38.2456
     395      38.2009
     396      37.6721
     397      38.2033
     398      37.9730
     399      38.7420
     400      39.2500
     401      38.8803
     402      38.9341
     403      38.8357
     404      38.6083
     405      38.7599
     406      38.8956
     407      39.0818
     408      38.8789
     409      38.5110
     410      38.6900
     411      38.2884
     412      38.9690
     413      38.5801
     414      37.7356
     415      38.1685
     416      37.8630
     417      38.5097
     418      38.2220
     419      38.6950
     420      37.8828
     421      38.6081
     422      39.1646
     423      38.3534
     424      38.6647
     425      38.6147
     426      38.9349
     427      39.0627
     428      39.5879
     429      38.9126
     430      38.7050
     431      39.0319
     432      38.6447
     433      38.7458
     434      39.1272
     435      38.6773
     436      38.2454
     437      38.8441
     438      38.5336
     439      38.7842
     440      39.1286
     441      39.0808
     442      39.4231
     443      39.6662
     444      39.6219
     445      39.2481
     446      39.2981
     447      39.1103
     448      39.6259
     449      39.7043
     450      40.8221
     451      41.0667
     452      39.0532
     453      39.0515
     454      38.9092
     455      39.3227
     456      39.3759
     457      39.9192
     458      40.2227
     459      39.9214
     460      40.4571
     461      39.8420
     462      41.2261
     463      41.2457
     464      41.3859
     465      40.4132
     466      40.5981
     467      41.6537
     468      41.3860
     469      41.5556
     470      41.4522
     471      42.0080
     472      42.2088
     473      43.0514
     474      43.4390
     475      43.6308
     476      42.6818
     477      42.2829
     478      41.3934
     479      41.8672
     480      41.7135
     481      41.2877
     482      41.6550
     483      41.0881
     484      41.2129
     485      40.2069
     486      39.8572
     487      40.7506
     488      41.0394
     489      41.3530
     490      42.6453
     491      42.1666
     492      42.4839
     493      41.2155
     494      42.3194
     495      42.5472
     496      42.8275
     497      43.0423
     498      42.0817
     499      41.8940
     500      41.7940
     501      41.2612
     502      40.7895
     503      41.9258
     504      41.5166
     505      40.5378
     506      41.5165
     507      41.3093
     508      41.4634
     509      41.6145
     510      41.4310
     511      42.5137
     512      41.8166
     513      41.6473
     514      41.1021
     515      40.5798
     516      40.7269
     517      40.6768
     518      40.7659
     519      40.0689
     520      40.6826
     521      40.7789
     522      40.4576
     523      40.3990
     524      39.8861
     525      39.6266
     526      39.3084
     527      39.4012
     528      39.2785
     529      38.9692
     530      38.8959
     531      39.6663
     532      39.4690
     533      39.9495
     534      41.1222
     535      41.6484
     536      40.7166
     537      41.6106
     538      41.5273
     539      40.2033
     540      40.2327
     541      40.1937
     542      40.9845
     543      40.1951
     544      40.9221
     545      42.4265
     546      42.0093
     547      40.9313
     548      41.0830
     549      40.0970
     550      40.6665
     551      40.2379
     552      40.1767
     553      39.9847
     554      40.7092
     555      40.2860
     556      40.3121
     557      40.5140
     558      40.9872
     559      40.2098
     560      39.9019
     561      39.4214
     562      38.9733
     563      39.2162
     564      39.9890
     565      39.4441
     566      40.1618
     567      39.9684
     568      39.9835
     569      40.1839
     570      40.1990
     571      39.8832
     572      39.7036
     573      39.5616
     574      40.4418
     575      40.1219
     576      40.0475
     577      40.4706
     578      40.1811
     579      40.2950
     580      40.4150
     581      40.9502
     582      39.9886
     583      41.1199
     584      41.2324
     585      41.4455
     586      41.1804
     587      40.9188
     588      40.4231
     589      40.8067
     590      40.9294
     591      39.9657
     592      39.5592
     593      39.3330
     594      39.7275
     595      39.5636
     596      40.0003
     597      38.9250
     598      39.6951
     599      40.5622
     600      40.4321
     601      40.6250
     602      40.0815
     603      40.0377
     604      40.0884
     605      40.5196
     606      40.0855
     607      39.9055
     608      39.1138
     609      39.5536
     610      39.7019
     611      39.2712
     612      39.7377
     613      39.4605
     614      40.1395
     615      39.6468
     616      39.8370
     617      40.0998
     618      40.4508
     619      40.1672
     620      39.9931
     621      39.5564
     622      39.9748
     623      39.5884
     624      39.6917
     625      40.0125
     626      39.3332
     627      39.2205
     628      39.3002
     629      39.6803
     630      38.6606
     631      39.4752
     632      38.6712
     633      38.6761
     634      39.0547
     635      38.5731
     636      38.3538
     637      38.3407
     638      38.3598
     639      38.5544
     640      38.7102
     641      39.6830
     642      39.7749
     643      38.3480
     644      38.7036
     645      38.8476
     646      38.9577
     647      39.4907
     648      39.0548
     649      38.8096
     650      38.4632
     651      37.7852
     652      38.1187
     653      38.8851
     654      39.0390
     655      38.1043
     656      38.6684
     657      39.2311
     658      39.4192
     659      39.5156
     660      39.3851
     661      39.0335
     662      39.0229
     663      39.9885
     664      40.0965
     665      40.2629
     666      39.7407
     667      39.6685
     668      38.8090
     669      39.1042
     670      39.2059
     671      38.9647
     672      38.7142
     673      39.2480
     674      39.0889
     675      38.3065
     676      38.9354
     677      39.6211
     678      39.7712
     679      39.8061
     680      39.4652
     681      38.9418
     682      38.7693
     683      38.9529
     684      39.2255
     685      39.9227
     686      40.1675
     687      40.3128
     688      40.0473
     689      40.1658
     690      40.0957
     691      39.3907
     692      39.6791
     693      39.9907
     694      40.5995
     695      40.4165
     696      40.3751
     697      40.0399
     698      40.5110
     699      40.3138
     700      41.1608
     701      40.8027
     702      41.2872
     703      41.1903
     704      41.0726
     705      41.4447
     706      41.9301
     707      41.9969
     708      41.6037
     709      40.8535
     710      39.7930
     711      39.5434
     712      40.2387
     713      39.8627
     714      39.6521
     715      39.4943
     716      39.1037
     717      39.5799
     718      38.3887
     719      39.1678
     720      39.2557
     721      39.4878
     722      39.6722
     723      39.6044
     724      39.5603
     725      39.3441
     726      40.2861
     727      40.2466
     728      40.0469
     729      40.0011
     730      40.3746
     731      39.9063
     732      40.2742
     733      40.4595
     734      40.3662
     735      40.9968
     736      40.5289
     737      40.6895
     738      40.4309
     739      40.5630
     740      40.4302
     741      40.5596
     742      41.0945
     743      40.0981
     744      40.7678
     745      40.5774
     746      40.3675
     747      41.0398
     748      40.7616
     749      40.0164
     750      40.0314
     751      39.6423
     752      40.0595
     753      39.5153
     754      38.3262
     755      38.7382
     756      38.6912
     757      38.5074
     758      38.4944
     759      38.1623
     760      39.3200
     761      39.4628
     762      38.7565
     763      38.9987
     764      38.6323
     765      38.2962
     766      37.2104
     767      37.7904
     768      38.6836
     769      38.9010
     770      38.3957
     771      38.1903
     772      38.7715
     773      37.8777
     774      38.3677
     775      38.2049
     776      38.1537
     777      37.9170
     778      38.7914
     779      38.6390
     780      38.9081
     781      38.4180
     782      37.6745
     783      38.1225
     784      38.9028
     785      38.9238
     786      39.0019
     787      38.3642
     788      38.0645
     789      38.7634
     790      38.3891
     791      38.5272
     792      38.6575
     793      38.8556
     794      37.4214
     795      38.0876
     796      38.3770
     797      37.5855
     798      37.0920
     799      36.2818
     800      37.1113
     801      37.0555
     802      37.9179
     803      37.7717
     804      37.0697
     805      37.3339
     806      37.4346
     807      37.5930
     808      37.3673
     809      38.1898
     810      38.2653
     811      38.2550
     812      37.8890
     813      37.7576
     814      37.9384
     815      38.6498
     816      38.2225
     817      38.7037
     818      37.9138
     819      38.1675
     820      38.4675
     821      38.8300
     822      39.0397
     823      37.9524
     824      38.4905
     825      38.0135
     826      38.4160
     827      38.8299
     828      39.0391
     829      38.8553
     830      38.6857
     831      38.3843
     832      37.6941
     833      38.2236
     834      37.5240
     835      38.3459
     836      38.7264
     837      38.4624
     838      38.0491
     839      38.0154
     840      37.6407
     841      37.1837
     842      37.5339
     843      38.2925
     844      37.2435
     845      37.3381
     846      38.2408
     847      38.7144
     848      38.6091
     849      38.5122
     850      38.6716
     851      39.1217
     852      39.2997
     853      39.8656
     854      39.8755
     855      40.1417
     856      39.9024
     857      39.6429
     858      39.8418
     859      39.5468
     860      39.1658
     861      38.9557
     862      38.2209
     863      37.6189
     864      38.5483
     865      38.6678
     866      38.8239
     867      38.8966
     868      38.4147
     869      38.9636
     870      39.2554
     871      39.8623
     872      39.0707
     873      39.2102
     874      39.5254
     875      38.5971
     876      38.6342
     877      38.7517
     878      38.5087
     879      38.5247
     880      38.4432
     881      39.0027
     882      37.7365
     883      38.4248
     884      38.5609
     885      38.4252
     886      38.5592
     887      38.1890
     888      39.2081
     889      39.1545
     890      39.5354
     891      38.9381
     892      39.4132
     893      38.7280
     894      38.5662
     895      38.7404
     896      38.1497
     897      38.8040
     898      38.2331
     899      38.6679
     900      39.0371
     901      39.3056
     902      38.5834
     903      38.5875
     904      38.5099
     905      38.0884
     906      39.0224
     907      38.4994
     908      37.9633
     909      38.8417
     910      38.4871
     911      38.1327
     912      38.8922
     913      38.4875
     914      37.8427
     915      38.1282
     916      38.3015
     917      38.0452
     918      38.2118
     919      38.8413
     920      38.2837
     921      39.5389
     922      38.3468
     923      38.1626
     924      39.0190
     925      38.8752
     926      38.7702
     927      38.9436
     928      40.2113
     929      39.4706
     930      39.1392
     931      39.3948
     932      38.9475
     933      39.3434
     934      38.5192
     935      38.6756
     936      38.5941
     937      38.7226
     938      39.3010
     939      38.9735
     940      38.7823
     941      39.7701
     942      40.4027
     943      40.4561
     944      40.9741
     945      40.4483
     946      40.8814
     947      40.4778
     948      40.2942
     949      40.3651
     950      39.4214
     951      39.6593
     952      39.0969
     953      39.7852
     954      39.9145
     955      38.9756
     956      39.6906
     957      39.6557
     958      39.3853
     959      39.1073
     960      39.4260
     961      38.8662
     962      39.3619
     963      38.9027
     964      39.0992
     965      38.7356
     966      38.0926
     967      38.9878
     968      38.9161
     969      38.7893
     970      39.0469
     971      38.6852
     972      39.2898
     973      39.7871
     974      40.2961
     975      39.8303
     976      40.0141
     977      39.4706
     978      39.5963
     979      39.6609
     980      40.3814
     981      40.2628
     982      40.8031
     983      40.1068
     984      39.0684
     985      39.0424
     986      38.8877
     987      38.3711
     988      38.8921
     989      38.0060
     990      39.0295
     991      38.5691
     992      38.6717
     993      38.5656
     994      38.7238
     995      39.1683
     996      39.7718
     997      39.5023
     998      40.5387
     999      40.3437
    1000      40.4040
    1001      40.6996
    1002      40.6206
    1003      41.0649
    1004      41.3176
    1005      40.3342
    1006      40.5028
    1007      40.8483
    1008      41.1639
    1009      40.6764
    1010      40.8536
    1011      41.3289
    1012      40.7687
    1013      41.1960
    1014      41.9150
    1015      41.8756
    1016      41.7882
    1017      41.5533
    1018      41.9705
    1019      41.3215
    1020      41.3687
    1021      41.3438
    1022      40.8052
    1023      40.6286
    1024      40.6734
    1025      41.2666
    1026      41.3758
    1027      40.8854
    1028      39.2445
    1029      39.9776
    1030      39.4911
    1031      39.5064
    1032      39.1201
    1033      39.2236
    1034      39.5936
    1035      39.4732
    1036      39.3850
    1037      39.6522
    1038      38.9817
    1039      39.0912
    1040      38.7978
    1041      38.9067
    1042      38.5624
    1043      38.5676
    1044      38.9426
    1045      39.5951
    1046      39.2374
    1047      38.8559
    1048      39.5872
    1049      39.2813
    1050      38.4226
    1051      37.9960
    1052      39.0970
    1053      39.2889
    1054      38.5797
    1055      38.2120
    1056      36.9711
    1057      37.1470
    1058      37.3031
    1059      37.3438
    1060      37.9955
    1061      38.3555
    1062      38.2256
    1063      38.8050
    1064      38.4900
    1065      39.1523
    1066      38.4995
    1067      38.6313
    1068      39.2129
    1069      38.6230
    1070      38.1907
    1071      38.7662
    1072      38.0001
    1073      38.0611
    1074      39.0539
    1075      38.9349
    1076      39.1355
    1077      38.5258
    1078      38.9105
    1079      38.4438
    1080      38.9942
    1081      38.5874
    1082      39.1344
    1083      39.2555
    1084      39.5341
    1085      39.8632
    1086      38.5418
    1087      38.9513
    1088      38.2422
    1089      38.6051
    1090      39.5730
    1091      38.8474
    1092      39.4156
    1093      39.6582
    1094      39.0486
    1095      38.7288
    1096      39.2311
    1097      39.2094
    1098      38.9915
    1099      39.1436
    1100      38.6156
    1101      39.1264
    1102      38.6210
    1103      37.7245
    1104      38.5096
    1105      37.7601
    1106      37.9615
    1107      37.4122
    1108      37.5885
    1109      37.7408
    1110      37.7730
    1111      37.8122
    1112      37.0059
    1113      37.8940
    1114      38.2130
    1115      38.4970
    1116      39.3090
    1117      38.7772
    1118      38.5442
    1119      39.0018
    1120      39.6182
    1121      39.0951
    1122      38.7491
    1123      39.0872
    1124      39.2114
    1125      38.7589
    1126      38.9902
    1127      38.7735
    1128      38.4917
    1129      39.0577
    1130      39.0352
    1131      38.6511
    1132      39.0210
    1133      40.0215
    1134      38.9265
    1135      39.3110
    1136      39.2682
    1137      40.0625
    1138      39.8924
    1139      39.9529
    1140      39.1055
    1141      39.0387
    1142      38.9190
    1143      38.9518
    1144      38.7500
    1145      38.4327
    1146      38.0747
    1147      38.0669
    1148      37.9544
    1149      37.9175
    1150      38.2129
    1151      38.8759
    1152      38.5000
    1153      38.4286
    1154      38.0622
    1155      38.9110
    1156      38.7659
    1157      38.1013
    1158      37.9965
    1159      37.3830
    1160      37.3268
    1161      37.0855
    1162      37.1269
    1163      37.5216
    1164      36.9719
    1165      37.6593
    1166      36.8818
    1167      37.0101
    1168      36.9942
    1169      36.7402
    1170      37.3106
    1171      37.4608
    1172      36.7403
    1173      36.7351
    1174      37.5146
    1175      37.2787
    1176      37.0849
    1177      37.1990
    1178      37.3051
    1179      37.8707
    1180      38.7068
    1181      38.2482
    1182      39.2302
    1183      39.3252
    1184      39.8101
    1185      39.5143
    1186      39.2653
    1187      39.2201
    1188      38.7855
    1189      38.3815
    1190      38.8114
    1191      38.4882
    1192      38.1000
    1193      37.8771
    1194      38.0139
    1195      38.3162
    1196      37.3571
    1197      37.6371
    1198      37.2054
    1199      37.6910
    1200      37.9300
    1201      38.2445
    1202      38.5651
    1203      38.3389
    1204      38.5600
    1205      38.2323
    1206      38.1027
    1207      37.4713
    1208      37.6836
    1209      37.5499
    1210      37.6752
    1211      38.5681
    1212      38.3307
    1213      37.8170
    1214      37.6716
    1215      37.6074
    1216      37.4101
    1217      37.5872
    1218      37.6026
    1219      37.8746
    1220      39.1448
    1221      38.9645
    1222      38.2890
    1223      37.8716
    1224      38.0646
    1225      37.9160
    1226      38.3379
    1227      38.5652
    1228      38.4209
    1229      37.7960
    1230      38.3148
    1231      37.7142
    1232      37.4484
    1233      38.4191
    1234      37.9877
    1235      38.5644
    1236      37.8447
    1237      38.5225
    1238      38.4767
    1239      37.9832
    1240      37.8022
    1241      37.8040
    1242      38.2517
    1243      38.3368
    1244      38.7633
    1245      38.2317
    1246      37.4022
    1247      38.2419
    1248      37.8215
    1249      38.1364
    1250      37.3673
    1251      37.6300
    1252      38.4026
    1253      37.9427
    1254      38.4687
    1255      38.3341
    1256      38.4113
    1257      39.0303
    1258      39.3965
    1259      39.4031
    1260      39.4658
    1261      39.0397
    1262      38.2416
    1263      38.5376
    1264      37.9000
    1265      38.0308
    1266      37.6299
    1267      37.7422
    1268      37.2661
    1269      37.5438
    1270      37.3010
    1271      37.3514
    1272      38.1380
    1273      37.4238
    1274      37.4369
    1275      37.8676
    1276      37.1288
    1277      36.7027
    1278      37.3219
    1279      37.4052
    1280      36.5927
    1281      37.9897
    1282      37.6672
    1283      38.2879
    1284      37.9795
    1285      37.8366
    1286      38.4858
    1287      37.6565
    1288      37.9992
    1289      37.4161
    1290      38.0311
    1291      37.8400
    1292      38.0804
    1293      37.8094
    1294      37.4015
    1295      37.5569
    1296      37.3948
    1297      36.4883
    1298      37.5645
    1299      37.3706
    1300      37.1637
    1301      37.8846
    1302      37.6113
    1303      38.1289
    1304      37.4228
    1305      37.9560
    1306      37.7485
    1307      37.6810
    1308      37.6180
    1309      38.1883
    1310      38.0659
    1311      38.2388
    1312      37.7487
    1313      38.0819
    1314      37.2009
    1315      37.3684
    1316      37.2585
    1317      36.8431
    1318      37.1417
    1319      37.1308
    1320      36.4793
    1321      37.1600
    1322      36.9585
    1323      37.2047
    1324      38.0308
    1325      37.6160
    1326      37.7113
    1327      37.6583
    1328      37.2321
    1329      36.9189
    1330      37.7478
    1331      38.3042
    1332      39.1589
    1333      38.5249
    1334      38.4323
    1335      38.6683
    1336      37.7614
    1337      37.8807
    1338      38.0606
    1339      38.4828
    1340      38.8087
    1341      38.9581
    1342      38.3880
    1343      37.8721
    1344      37.8852
    1345      38.1326
    1346      37.8565
    1347      37.7111
    1348      38.6911
    1349      38.7939
    1350      38.1351
    1351      38.3245
    1352      38.4010
    1353      38.2411
    1354      37.8548
    1355      37.8145
    1356      36.4958
    1357      36.5271
    1358      36.4475
    1359      36.7818
    1360      37.0934
    1361      36.4214
    1362      36.9597
    1363      37.1290
    1364      36.4049
    1365      36.6284
    1366      36.5909
    1367      37.0454
    1368      37.6702
    1369      38.5427
    1370      38.0583
    1371      37.4847
    1372      36.6794
    1373      37.2819
    1374      37.4405
    1375      37.5014
    1376      36.8012
    1377      36.3033
    1378      36.2492
    1379      36.4573
    1380      35.9124
    1381      35.9783
    1382      36.7145
    1383      36.3420
    1384      36.8875
    1385      36.3893
    1386      36.7781
    1387      36.3127
    1388      36.6563
    1389      36.2539
    1390      35.5008
    1391      36.0834
    1392      37.9347
    1393      37.1894
    1394      37.6468
    1395      37.0637
    1396      37.2923
    1397      38.1237
    1398      37.7548
    1399      37.7891
    1400      37.6904
    1401      37.6975
    1402      37.7205
    1403      37.5479
    1404      38.3440
    1405      38.4251
    1406      37.6416
    1407      37.4158
    1408      36.7193
    1409      37.4987
    1410      36.7066
    1411      36.2677
    1412      36.4297
    1413      37.1997
    1414      37.2581
    1415      37.4441
    1416      37.5737
    1417      37.2593
    1418      37.7660
    1419      37.3907
    1420      36.8155
    1421      36.8112
    1422      36.5335
    1423      36.6267
    1424      36.4814
    1425      37.4030
    1426      37.5246
    1427      37.2275
    1428      36.8749
    1429      37.6858
    1430      37.3721
    1431      37.1277
    1432      36.9479
    1433      38.1287
    1434      39.2380
    1435      39.3822
    1436      39.5694
    1437      38.9838
    1438      39.0759
    1439      39.2769
    1440      39.4241
    1441      38.9433
    1442      38.6857
    1443      38.1936
    1444      38.6535
    1445      37.5304
    1446      37.9108
    1447      37.9977
    1448      37.3627
    1449      37.2952
    1450      37.7395
    1451      37.5362
    1452      37.8368
    1453      36.8219
    1454      37.6526
    1455      37.7321
    1456      38.0895
    1457      37.8903
    1458      37.7449
    1459      37.6291
    1460      37.8204
    1461      38.3284
    1462      37.6641
    1463      38.1533
    1464      38.0569
    1465      38.3128
    1466      37.6810
    1467      37.8861
    1468      37.9423
    1469      37.7508
    1470      38.0631
    1471      38.0458
    1472      38.2586
    1473      38.2955
    1474      39.6465
    1475      38.3887
    1476      37.9343
    1477      37.2556
    1478      38.1963
    1479      38.3224
    1480      38.3683
    1481      38.0433
    1482      38.0983
    1483      38.2703
    1484      38.1471
    1485      36.9435
    1486      37.7189
    1487      37.5261
    1488      37.0074
    1489      37.6548
    1490      37.1754
    1491      37.1916
    1492      36.5717
    1493      36.6202
    1494      36.7479
    1495      36.2606
    1496      36.1524
    1497      36.5891
    1498      37.0991
    1499      36.3357
    1500      36.5475
    1501      37.2597
    1502      36.9726
    1503      36.0615
    1504      36.2951
    1505      36.5034
    1506      36.5214
    1507      37.0650
    1508      36.4044
    1509      35.7862
    1510      35.9415
    1511      36.4809
    1512      36.4221
    1513      36.6038
    1514      36.9545
    1515      36.6590
    1516      37.0798
    1517      36.3323
    1518      36.0151
    1519      35.7005
    1520      35.8466
    1521      36.0431
    1522      35.7910
    1523      36.2234
    1524      35.9568
    1525      35.9832
    1526      36.5509
    1527      37.5035
    1528      37.1065
    1529      37.4939
    1530      37.6476
    1531      37.2610
    1532      37.6762
    1533      37.7088
    1534      37.7572
    1535      37.8807
    1536      37.5704
    1537      36.8727
    1538      37.4530
    1539      37.2065
    1540      37.1366
    1541      37.7240
    1542      38.0460
    1543      37.5889
    1544      37.5863
    1545      37.1970
    1546      37.2622
    1547      37.4221
    1548      37.4236
    1549      37.4154
    1550      37.4016
    1551      37.6463
    1552      37.6829
    1553      37.7800
    1554      38.7758
    1555      38.4229
    1556      38.1029
    1557      37.8569
    1558      38.0263
    1559      38.1491
    1560      37.7920
    1561      38.5115
    1562      37.5537
    1563      37.4846
    1564      38.1404
    1565      38.0786
    1566      38.5440
    1567      38.7769
    1568      38.6892
    1569      38.8431
    1570      37.7893
    1571      37.4131
    1572      38.0631
    1573      37.6727
    1574      37.4804
    1575      37.5627
    1576      37.0668
    1577      37.7486
    1578      37.7239
    1579      36.3663
    1580      37.0637
    1581      36.7651
    1582      36.4849
    1583      37.0593
    1584      37.3513
    1585      37.1062
    1586      36.8733
    1587      36.7883
    1588      36.9915
    1589      36.3131
    1590      36.4844
    1591      36.2184
    1592      37.1119
    1593      37.9563
    1594      37.5565
    1595      37.0061
    1596      36.2819
    1597      36.1978
    1598      36.7684
    1599      37.7528
    1600      38.2336
    1601      37.6890
    1602      37.7370
    1603      37.6221
    1604      38.0047
    1605      38.3141
    1606      37.7319
    1607      38.4912
    1608      38.3412
    1609      38.1943
    1610      37.7794
    1611      37.3204
    1612      38.1575
    1613      37.9418
    1614      38.0970
    1615      38.1043
    1616      37.8473
    1617      38.5848
    1618      38.6306
    1619      38.5535
    1620      39.0154
    1621      39.0351
    1622      37.7398
    1623      38.9310
    1624      37.5324
    1625      37.7912
    1626      37.1349
    1627      37.5980
    1628      37.6841
    1629      37.7391
    1630      36.9027
    1631      37.7314
    1632      37.5571
    1633      37.0335
    1634      37.1164
    1635      38.1079
    1636      37.8945
    1637      37.4454
    1638      37.7310
    1639      36.8463
    1640      37.3821
    1641      37.0377
    1642      36.7874
    1643      36.7480
    1644      36.3114
    1645      36.6254
    1646      36.6837
    1647      35.8472
    1648      36.7373
    1649      37.7898
    1650      37.7143
    1651      37.2761
    1652      37.3734
    1653      36.9373
    1654      36.4728
    1655      36.9737
    1656      36.6768
    1657      36.5744
    1658      36.1965
    1659      36.9846
    1660      36.7213
    1661      37.8149
    1662      38.4323
    1663      37.8666
    1664      37.9509
    1665      37.8397
    1666      38.2172
    1667      37.7810
    1668      37.5771
    1669      37.4068
    1670      36.7932
    1671      36.3231
    1672      36.6600
    1673      36.8180
    1674      35.9174
    1675      36.2695
    1676      36.4732
    1677      37.0197
    1678      37.5483
    1679      37.1034
    1680      36.8532
    1681      37.2111
    1682      37.3200
    1683      37.6005
    1684      37.0235
    1685      36.7982
    1686      36.6102
    1687      36.0596
    1688      36.5443
    1689      36.2938
    1690      35.9381
    1691      35.9914
    1692      36.3780
    1693      36.1478
    1694      35.7410
    1695      35.5173
    1696      35.8135
    1697      35.9553
    1698      36.0031
    1699      36.4851
    1700      36.2910
    1701      37.0583
    1702      36.9963
    1703      37.1927
    1704      37.0604
    1705      36.5250
    1706      37.4852
    1707      37.0709
    1708      38.1266
    1709      37.7684
    1710      38.0302
    1711      38.0856
    1712      37.5054
    1713      37.3149
    1714      37.1616
    1715      37.2999
    1716      36.1694
    1717      37.4829
    1718      38.7762
    1719      37.9048
    1720      38.4068
    1721      37.3782
    1722      38.1386
    1723      38.0562
    1724      38.1349
    1725      38.3702
    1726      37.7993
    1727      37.3050
    1728      37.2458
    1729      37.4731
    1730      37.9568
    1731      38.6056
    1732      37.9416
    1733      37.2580
    1734      37.8763
    1735      38.8666
    1736      38.4108
    1737      39.5648
    1738      38.4355
    1739      38.5290
    1740      39.1834
    1741      38.7190
    1742      38.3490
    1743      37.0794
    1744      37.5752
    1745      37.3979
    1746      37.5067
    1747      37.1148
    1748      36.9364
    1749      37.3466
    1750      37.3574
    1751      37.2804
    1752      36.8342
    1753      37.2525
    1754      37.2354
    1755      36.7904
    1756      37.4430
    1757      37.7367
    1758      37.5996
    1759      37.4482
    1760      36.9030
    1761      35.8751
    1762      36.1732
    1763      36.0111
    1764      36.5504
    1765      36.4818
    1766      36.5816
    1767      37.2718
    1768      37.5045
    1769      36.8741
    1770      37.2684
    1771      38.4510
    1772      38.8334
