#Frame          ANdis
       1      55.5352
       2      56.0121
       3      56.4551
       4      57.3882
       5      57.9101
       6      57.3385
       7      57.5100
       8      57.3225
       9      57.3630
      10      57.3977
      11      58.4682
      12      59.4053
      13      58.7003
      14      57.6872
      15      56.7014
      16      56.7717
      17      56.6741
      18      55.8332
      19      54.4712
      20      54.8944
      21      55.6617
      22      55.7381
      23      55.3852
      24      55.0456
      25      55.3180
      26      55.2214
      27      54.8394
      28      53.8190
      29      54.8135
      30      55.2699
      31      56.1335
      32      55.5928
      33      56.2483
      34      54.8251
      35      55.8895
      36      55.3802
      37      55.1222
      38      57.2455
      39      55.7498
      40      56.3735
      41      55.1826
      42      53.3584
      43      54.7844
      44      55.4845
      45      55.3771
      46      55.5445
      47      56.6815
      48      56.5020
      49      56.9364
      50      55.9636
      51      55.2942
      52      56.4566
      53      56.5349
      54      56.2082
      55      55.7324
      56      56.6343
      57      57.4550
      58      57.3514
      59      58.0522
      60      57.8888
      61      57.1429
      62      57.2031
      63      56.4778
      64      55.4499
      65      55.6106
      66      56.0096
      67      56.4525
      68      55.4548
      69      54.9459
      70      54.5500
      71      54.4804
      72      54.6676
      73      55.3379
      74      55.6527
      75      55.4189
      76      56.6286
      77      56.0481
      78      55.7648
      79      56.0542
      80      56.0723
      81      54.4615
      82      54.9609
      83      54.8454
      84      53.9322
      85      53.4017
      86      53.3812
      87      53.1119
      88      53.9727
      89      54.5846
      90      55.3706
      91      52.7885
      92      53.9921
      93      54.3581
      94      54.9818
      95      53.7397
      96      55.5424
      97      54.0483
      98      52.6232
      99      53.7955
     100      53.9787
