#Frame          ANdis
       1      42.4099
       2      42.4860
       3      43.2185
       4      42.0497
       5      41.1885
       6      41.6724
       7      41.0239
       8      40.5060
       9      40.0568
      10      39.8922
      11      40.5169
      12      40.5249
      13      39.2643
      14      40.3471
      15      40.3348
      16      40.1833
      17      39.5648
      18      39.4677
      19      39.5419
      20      39.9257
      21      40.8612
      22      40.6085
      23      40.4534
      24      41.4296
      25      40.5357
      26      40.5036
      27      40.0243
      28      40.1486
      29      39.2430
      30      38.7644
      31      39.0222
      32      39.2456
      33      39.0146
      34      39.4596
      35      39.6593
      36      39.6399
      37      39.6467
      38      39.9046
      39      39.5990
      40      38.8353
      41      38.2177
      42      37.2171
      43      38.0358
      44      39.0722
      45      39.3951
      46      38.2178
      47      39.1067
      48      38.0909
      49      38.8393
      50      37.9325
      51      39.0020
      52      38.1863
      53      37.7469
      54      37.4253
      55      38.3006
      56      37.6449
      57      38.2910
      58      37.7187
      59      36.9361
      60      37.6868
      61      37.6897
      62      37.1156
      63      37.9441
      64      38.1427
      65      37.5361
      66      36.9116
      67      37.1588
      68      36.9952
      69      37.9128
      70      37.4204
      71      38.2418
      72      38.1635
      73      37.7460
      74      37.6539
      75      38.2837
      76      38.5246
      77      38.0263
      78      38.2641
      79      37.9691
      80      38.0509
      81      38.7472
      82      38.4872
      83      38.9277
      84      38.1744
      85      39.4415
      86      37.7311
      87      37.8047
      88      38.4072
      89      38.5351
      90      38.7851
      91      38.0331
      92      37.7679
      93      38.0342
      94      38.5982
      95      38.6289
      96      38.0611
      97      38.6737
      98      39.2854
      99      38.0810
     100      38.2720
     101      38.3252
     102      38.0026
     103      38.4762
     104      37.8419
     105      38.4977
     106      37.3762
     107      37.3837
     108      37.4407
     109      37.9339
     110      37.4324
     111      37.2978
     112      37.8839
     113      38.1412
     114      38.0485
     115      37.3836
     116      37.5739
     117      37.0819
     118      37.0368
     119      37.5136
     120      36.9866
     121      37.2817
     122      37.4969
     123      37.7130
     124      38.0957
     125      38.7087
     126      38.9429
     127      38.2739
     128      38.6448
     129      38.6475
     130      39.2093
     131      38.9381
     132      38.5107
     133      37.8409
     134      37.4384
     135      36.7236
     136      37.0369
     137      37.1295
     138      37.5903
     139      37.7282
     140      38.3059
     141      38.1023
     142      38.0656
     143      37.6420
     144      37.5543
     145      38.0594
     146      38.1389
     147      37.9000
     148      38.1112
     149      37.6500
     150      38.1720
     151      38.1558
     152      37.1282
     153      36.6991
     154      37.1803
     155      36.9709
     156      37.3033
     157      37.4902
     158      37.2760
     159      37.3500
     160      37.2222
     161      37.3712
     162      37.3659
     163      36.7927
     164      36.5471
     165      36.8953
     166      36.8429
     167      37.6312
     168      37.4357
     169      37.4057
     170      37.5641
     171      37.8929
     172      37.3613
     173      38.2664
     174      37.7829
     175      36.9857
     176      36.5695
     177      36.7124
     178      37.0502
     179      36.8136
     180      37.7563
     181      37.4242
     182      37.3914
     183      37.0963
     184      37.2962
     185      37.6121
     186      37.7172
     187      37.4044
     188      37.9387
     189      37.9954
     190      38.1364
     191      38.4960
     192      38.7888
     193      38.5197
     194      39.4252
     195      38.9583
     196      38.3634
     197      38.8811
     198      38.1169
     199      38.2543
     200      38.0770
     201      38.0669
     202      37.9933
     203      38.0426
     204      39.0209
     205      37.9509
     206      38.3277
     207      38.2845
     208      38.8448
     209      38.2895
     210      38.4846
     211      37.9063
     212      38.3538
     213      37.6569
     214      37.8362
     215      37.6717
     216      38.1473
     217      37.9174
     218      38.6598
     219      39.0698
     220      38.9701
     221      38.6575
     222      38.7373
     223      39.0589
     224      38.6119
     225      39.4040
     226      39.7824
     227      39.2004
     228      39.7716
     229      39.6831
     230      39.8989
     231      39.2680
     232      39.6309
     233      40.2041
     234      40.4282
     235      39.6863
     236      39.9586
     237      39.2777
     238      39.7219
     239      39.7781
     240      38.2620
     241      38.9896
     242      39.7884
     243      40.0103
     244      38.8575
     245      38.9007
     246      38.1573
     247      38.0673
     248      38.4440
     249      38.6820
     250      39.3213
     251      38.5699
     252      39.2196
     253      39.7583
     254      39.5904
     255      38.8173
     256      38.8697
     257      38.4993
     258      39.3652
     259      38.9930
     260      39.3148
     261      39.2765
     262      38.7235
     263      37.9118
     264      38.6049
     265      37.6595
     266      37.5267
     267      38.9538
     268      38.3110
     269      38.8841
     270      38.9763
     271      39.5795
     272      39.1339
     273      39.9576
     274      39.6593
     275      39.6532
     276      39.0961
     277      38.4652
     278      38.8289
     279      39.0757
     280      38.6045
     281      37.9273
     282      37.7789
     283      37.8823
     284      38.1723
     285      38.1114
     286      37.4855
     287      38.6475
     288      38.8896
     289      38.6035
     290      38.5543
     291      38.8376
     292      39.1706
     293      39.2057
     294      39.0034
     295      38.4956
     296      38.2057
     297      38.2999
     298      39.0247
     299      38.7375
     300      38.9788
     301      39.1583
     302      38.4253
     303      38.5450
     304      38.6644
     305      38.3356
     306      39.1114
     307      38.2038
     308      38.0812
     309      37.9118
     310      37.7565
     311      38.0494
     312      38.5335
     313      37.6490
     314      37.3491
     315      37.3063
     316      37.6555
     317      38.0672
     318      37.6758
     319      37.6659
     320      37.1257
     321      36.9262
     322      37.1555
     323      37.2361
     324      37.3519
     325      37.0444
     326      37.2637
     327      37.0064
     328      36.4778
     329      36.7429
     330      35.9758
     331      36.0923
     332      36.3646
     333      37.3638
     334      37.8073
     335      38.1448
     336      38.1608
     337      38.7832
     338      38.9124
     339      39.9010
     340      39.8737
     341      39.3250
     342      38.6065
     343      38.4986
     344      38.6722
     345      39.3384
     346      39.2768
     347      38.4934
     348      38.4552
     349      39.0968
     350      39.1786
     351      39.1484
     352      38.6942
     353      38.6161
     354      39.3300
     355      39.3456
     356      39.7078
     357      39.9134
     358      40.0497
     359      39.5430
     360      39.7239
     361      39.8562
     362      40.6625
     363      40.2941
     364      40.5788
     365      40.6460
     366      41.5730
     367      41.4724
     368      41.2781
     369      41.2018
     370      40.9419
     371      41.2626
     372      41.0881
     373      40.9616
     374      40.8338
     375      40.3842
     376      39.3074
     377      40.5662
     378      41.1735
     379      40.6716
     380      41.7759
     381      40.8386
     382      41.5607
     383      41.7763
     384      40.7136
     385      40.9351
     386      40.4001
     387      40.1527
     388      40.2037
     389      40.1560
     390      41.0576
     391      41.0787
     392      40.5458
     393      40.5984
     394      40.7046
     395      40.9475
     396      41.1350
     397      40.8306
     398      42.1598
     399      41.0238
     400      39.9296
     401      38.9027
     402      39.5948
     403      39.8752
     404      40.5534
     405      40.3170
     406      39.9262
     407      40.3434
     408      40.4033
     409      40.3734
     410      40.2903
     411      39.2842
     412      39.1989
     413      38.9174
     414      39.3604
     415      39.8295
     416      39.4032
     417      38.5546
     418      38.4323
     419      39.3686
     420      38.7485
     421      39.8025
     422      39.0863
     423      38.8265
     424      38.6903
     425      39.9344
     426      38.8853
     427      39.0708
     428      38.4982
     429      38.7655
     430      38.6937
     431      38.2164
     432      38.4962
     433      38.1577
     434      39.1439
     435      39.1874
     436      38.5432
     437      39.1818
     438      38.4219
     439      38.6564
     440      39.1523
     441      38.9216
     442      38.9649
     443      38.7418
     444      38.1187
     445      39.4011
     446      38.8248
     447      39.4807
     448      39.7854
     449      39.3989
     450      39.4258
     451      38.7056
     452      39.1908
     453      38.9382
     454      38.7415
     455      39.5121
     456      38.8265
     457      38.2220
     458      38.2418
     459      38.6993
     460      39.0236
     461      38.6533
     462      38.4969
     463      39.0311
     464      38.5462
     465      38.4639
     466      37.6141
     467      38.9585
     468      39.3709
     469      39.3402
     470      39.1540
     471      38.7856
     472      38.6439
     473      39.9699
     474      39.9015
     475      40.2802
     476      38.7384
     477      38.6169
     478      38.9660
     479      38.8554
     480      38.7564
     481      39.0840
     482      39.3960
     483      39.4820
     484      39.0220
     485      38.6051
     486      38.2246
     487      38.0555
     488      38.0538
     489      38.1402
     490      38.4847
     491      38.3830
     492      38.5449
     493      38.3576
     494      39.0274
     495      38.3267
     496      38.4548
     497      38.3251
     498      39.0330
     499      38.9336
     500      38.3381
     501      37.8552
     502      37.2744
     503      39.1862
     504      39.0966
     505      38.7353
     506      38.8721
     507      39.1095
     508      38.7345
     509      38.9595
     510      37.9048
     511      37.5506
     512      37.1491
     513      38.0330
     514      38.9012
     515      38.4299
     516      38.9456
     517      38.7627
     518      38.7265
     519      38.8142
     520      39.7332
     521      38.3958
     522      38.4001
     523      38.5518
     524      38.6158
     525      38.7943
     526      39.5880
     527      38.8551
     528      39.2770
     529      38.9516
     530      39.7344
     531      39.7660
     532      39.5721
     533      39.4936
     534      38.7273
     535      38.5270
     536      38.3334
     537      38.8485
     538      38.9347
     539      39.4591
     540      39.5178
     541      39.3046
     542      37.5477
     543      37.4349
     544      37.5671
     545      37.9718
     546      38.0913
     547      38.6053
     548      39.0503
     549      38.7699
     550      38.4616
     551      38.4681
     552      37.3997
     553      37.2757
     554      37.4239
     555      37.5157
     556      37.6733
     557      36.6517
     558      37.4619
     559      37.3078
     560      37.2958
     561      36.8678
     562      37.1643
     563      37.4749
     564      37.9657
     565      37.4456
     566      37.2785
     567      37.8618
     568      37.3483
     569      37.7415
     570      38.0875
     571      38.0841
     572      37.4205
     573      37.5597
     574      37.3750
     575      37.4975
     576      38.0274
     577      37.5343
     578      37.4670
     579      37.7038
     580      37.8500
     581      37.7103
     582      38.1586
     583      38.8208
     584      38.6440
     585      38.6225
     586      37.9157
     587      37.6394
     588      38.0547
     589      38.2663
     590      38.3312
     591      38.4207
     592      38.2150
     593      37.8208
     594      37.4792
     595      37.8926
     596      37.5408
     597      36.9310
     598      36.8483
     599      37.3025
     600      37.5202
     601      37.8863
     602      37.5666
     603      37.7137
     604      37.4444
     605      37.5938
     606      36.8849
     607      36.1957
     608      36.8842
     609      36.7218
     610      36.7303
     611      36.6116
     612      37.2032
     613      37.1349
     614      37.0822
     615      36.3004
     616      36.5632
     617      36.1206
     618      36.5698
     619      36.9727
     620      36.8847
     621      36.9843
     622      37.4197
     623      37.7267
     624      37.7222
     625      37.4262
     626      37.2023
     627      37.4020
     628      37.9543
     629      37.0758
     630      37.3979
     631      37.2537
     632      37.5673
     633      36.6989
     634      36.6810
     635      36.3073
     636      35.6383
     637      36.1579
     638      36.3304
     639      36.0467
     640      35.9392
     641      35.8964
     642      36.5713
     643      36.1385
     644      36.3378
     645      35.8332
     646      36.1412
     647      35.6067
     648      35.3431
     649      36.4123
     650      36.5482
     651      36.2546
     652      35.5128
     653      35.4308
     654      36.0829
     655      36.4276
     656      36.3256
     657      35.7205
     658      35.3779
     659      36.2058
     660      35.3600
     661      35.7536
     662      36.2060
     663      36.4974
     664      36.4114
     665      37.2368
     666      36.5676
     667      36.0106
     668      35.7219
     669      36.0110
     670      35.7483
     671      36.0618
     672      36.4577
     673      35.8230
     674      35.8428
     675      36.1864
     676      36.5645
     677      36.5066
     678      36.7341
     679      36.2008
     680      36.2770
     681      35.8786
     682      36.3762
     683      36.2047
     684      35.7763
     685      36.0693
     686      35.9366
     687      36.2403
     688      36.6290
     689      36.7570
     690      36.0205
     691      35.8912
     692      35.4621
     693      35.8839
     694      35.9771
     695      36.0413
     696      36.1268
     697      35.7274
     698      35.4661
     699      35.4322
     700      35.2285
     701      35.9958
     702      36.0613
     703      35.9702
     704      36.2890
     705      36.5225
     706      35.9458
     707      35.8601
     708      36.1263
     709      36.4874
     710      36.5890
     711      36.5426
     712      36.8272
     713      36.9317
     714      36.6207
     715      36.5287
     716      36.8964
     717      37.1381
     718      36.6463
     719      37.0321
     720      36.7126
     721      37.0267
     722      36.6707
     723      36.8275
     724      36.5113
     725      36.5769
     726      36.3573
     727      36.6196
     728      36.4484
     729      36.2826
     730      36.4306
     731      36.8987
     732      36.0841
     733      36.4911
     734      36.6117
     735      36.5035
     736      36.1423
     737      36.4256
     738      36.4698
     739      36.0644
     740      36.0896
     741      36.5764
     742      36.5165
     743      36.6616
     744      36.7805
     745      36.1946
     746      35.9053
     747      36.7124
     748      36.6260
     749      36.1878
     750      36.1412
     751      36.0431
     752      36.5081
     753      36.4585
     754      36.1751
     755      36.6486
     756      36.1645
     757      36.7681
     758      37.3245
     759      37.2096
     760      36.8499
     761      36.2275
     762      36.1500
     763      36.8575
     764      36.4480
     765      36.2643
     766      36.4415
     767      35.6485
     768      36.5521
     769      36.8648
     770      36.0567
     771      36.1558
     772      36.2788
     773      36.1780
     774      36.3871
     775      36.1709
     776      35.5730
     777      36.5398
     778      35.6786
     779      35.8278
     780      35.8280
     781      36.3360
     782      36.1775
     783      36.3975
     784      36.1781
     785      36.0960
     786      36.0058
     787      35.5886
     788      35.4461
     789      36.7303
     790      35.9655
     791      35.8932
     792      36.2791
     793      35.9279
     794      36.2179
     795      36.5978
     796      36.6008
     797      36.2629
     798      36.6791
     799      36.4898
     800      36.3326
     801      36.1340
     802      36.7553
     803      36.7374
     804      36.7495
     805      36.3130
     806      35.8239
     807      36.0853
     808      36.0971
     809      36.3903
     810      36.0222
     811      36.1125
     812      35.3695
     813      36.2714
     814      35.7660
     815      35.6070
     816      36.0960
