#Frame          ANdis
       1      56.2605
       2      56.4415
       3      56.0232
       4      55.5554
       5      55.1324
       6      56.2985
       7      55.9555
       8      57.9632
       9      56.8585
      10      56.8522
      11      56.4785
      12      56.6184
      13      56.9047
      14      57.2995
      15      58.2275
      16      58.4345
      17      57.6128
      18      57.7942
      19      57.6678
      20      56.9663
      21      56.9181
      22      57.0356
      23      57.9507
      24      56.9989
      25      56.6051
      26      58.0547
      27      58.3908
      28      58.4720
      29      57.8304
      30      56.8757
      31      56.7213
      32      56.2077
      33      56.7626
      34      56.7337
      35      56.6089
      36      56.1042
      37      55.4648
      38      56.5724
      39      57.2191
      40      58.0492
      41      57.1355
      42      56.5617
      43      57.1529
      44      57.0753
      45      57.3757
      46      57.1802
      47      57.7915
      48      57.7278
      49      57.7795
