#Frame          ANdis
       1      57.4055
       2      58.5729
       3      58.9879
       4      59.5371
       5      59.9841
       6      59.2710
       7      59.3885
       8      59.4464
       9      60.2910
      10      59.7381
      11      60.4815
      12      61.3351
      13      60.0281
      14      59.9704
      15      59.4353
      16      59.8057
      17      59.8515
      18      59.5252
      19      60.3409
      20      60.0240
      21      59.4150
      22      59.1076
      23      58.9156
      24      59.8446
      25      60.0428
      26      59.4870
      27      58.3670
      28      59.2324
      29      59.8360
      30      60.1281
      31      59.8507
      32      59.2584
      33      58.8561
      34      59.9448
      35      58.8639
      36      58.6273
      37      59.3177
      38      59.8943
      39      58.9345
      40      58.9115
      41      58.7591
      42      58.9524
      43      58.6498
      44      58.6676
      45      59.2140
      46      59.0156
      47      59.5448
      48      60.0454
      49      59.9032
      50      59.9829
      51      60.0942
      52      59.0225
      53      59.4923
      54      59.9359
      55      59.4275
      56      59.0629
      57      58.8351
      58      59.0404
      59      59.2791
      60      58.6836
      61      58.1819
      62      58.0329
      63      59.0033
      64      60.0707
      65      60.2797
      66      60.3040
      67      59.8990
      68      60.0963
      69      60.3200
      70      59.8347
      71      59.3807
      72      58.5898
      73      58.8071
      74      58.8210
      75      59.2490
      76      58.7136
      77      59.2235
      78      59.6302
      79      59.0302
      80      59.0619
      81      58.7451
      82      58.7173
      83      59.2283
      84      58.2654
      85      59.0164
      86      59.0780
      87      57.9765
      88      57.9307
      89      58.3889
      90      58.1935
      91      58.3209
      92      58.4897
      93      58.7737
      94      59.1132
      95      58.8806
      96      59.3119
      97      59.3874
      98      59.8906
      99      59.4867
     100      58.9417
     101      59.0989
     102      59.1473
     103      58.8914
     104      57.8144
     105      58.7328
     106      58.0106
     107      59.0252
     108      58.3530
     109      58.2680
     110      58.2827
     111      57.9128
     112      58.4588
     113      58.6493
     114      58.5384
     115      59.3598
     116      59.8390
     117      59.3740
     118      59.0598
     119      59.7177
     120      58.4519
     121      59.0503
     122      59.5198
     123      58.8017
     124      59.2723
     125      57.8202
     126      57.9344
     127      58.4711
     128      58.5238
     129      58.3237
     130      58.0092
     131      58.4787
     132      58.5244
     133      58.5579
     134      58.3348
     135      58.1076
     136      58.4796
     137      58.9826
     138      58.4835
     139      58.2905
     140      57.8598
     141      57.0078
     142      56.8243
     143      57.0840
     144      57.2576
     145      57.6282
     146      58.3635
     147      58.5281
     148      58.2498
     149      58.3047
     150      59.0260
     151      59.3396
     152      59.0127
     153      59.7149
     154      59.4489
     155      59.6794
     156      60.1957
     157      60.1155
     158      59.9183
     159      60.2510
     160      59.5020
     161      59.3517
     162      59.9941
     163      59.7096
     164      60.0229
     165      59.8277
     166      59.6484
     167      59.9291
     168      59.8469
     169      60.1024
     170      59.5666
     171      58.7300
     172      59.5144
     173      59.2894
     174      59.5041
     175      59.4747
     176      58.8054
     177      59.8986
     178      60.0701
     179      60.4544
     180      60.7758
     181      60.8713
     182      60.1113
     183      61.0606
     184      60.4114
     185      59.8245
     186      59.2895
     187      59.1393
     188      59.4640
     189      59.7920
     190      59.3257
     191      59.6529
     192      58.2495
     193      59.0618
     194      59.2612
     195      59.5225
     196      59.5039
     197      59.8513
     198      59.9972
     199      60.3831
     200      60.3828
     201      59.4214
     202      59.3010
     203      58.8910
     204      58.0471
     205      58.8019
     206      58.8178
     207      59.0550
     208      58.9605
     209      59.4111
     210      59.5263
     211      59.4184
     212      59.1947
     213      59.2862
     214      59.1505
     215      59.1033
     216      58.6017
     217      59.3212
     218      58.5454
     219      59.0192
     220      59.3269
     221      59.3082
     222      59.4367
     223      59.2839
     224      59.0050
     225      58.5303
     226      58.7250
     227      59.3756
     228      59.3646
     229      59.2916
     230      59.6011
     231      59.9538
     232      60.5357
     233      60.7397
     234      60.5788
     235      60.0324
     236      59.8817
     237      60.2855
     238      59.2813
     239      58.9999
     240      59.8015
     241      60.6293
     242      60.4462
     243      60.8487
     244      60.9320
     245      60.2570
     246      60.0889
     247      60.4305
     248      60.8929
     249      60.0227
     250      60.1968
     251      60.6838
     252      60.9971
     253      60.5181
     254      61.1601
     255      60.9780
     256      60.4994
     257      59.4664
     258      61.0077
     259      60.2644
     260      60.5781
     261      59.7418
     262      59.9123
     263      60.3936
     264      59.7970
     265      59.3924
     266      59.0094
     267      58.8796
     268      58.5900
     269      59.4986
     270      58.7441
     271      58.6677
     272      59.5070
     273      59.9297
     274      59.4197
     275      59.7209
     276      59.4618
     277      59.8748
     278      60.3216
     279      60.2371
     280      59.9735
     281      60.0655
     282      60.1162
     283      60.5755
     284      61.2245
     285      60.9340
     286      61.1493
     287      59.7537
     288      58.7790
     289      59.1978
     290      59.1002
     291      58.9563
     292      58.6036
     293      58.6029
     294      57.9492
     295      57.5428
     296      56.4381
     297      57.1105
     298      57.0479
     299      56.9999
     300      57.1946
     301      57.2118
     302      56.8125
     303      57.1816
     304      58.0658
     305      57.4172
     306      56.8943
     307      57.1871
     308      57.5428
     309      57.1214
     310      56.2597
     311      55.7833
     312      56.5198
     313      57.5194
     314      57.8002
     315      57.8714
     316      58.2645
     317      58.2491
     318      58.4930
     319      57.5560
     320      57.6833
     321      57.6387
     322      57.9658
     323      57.6982
     324      58.5486
     325      58.2193
     326      58.6042
     327      59.3180
     328      59.5199
     329      59.7831
     330      59.7616
     331      58.9110
     332      58.6921
     333      59.5686
     334      60.0652
     335      60.2279
     336      59.8840
     337      59.7081
     338      60.0595
     339      61.1561
     340      60.9854
     341      60.0530
     342      59.8537
     343      60.2190
     344      59.8326
     345      59.2842
     346      59.3622
     347      58.7360
     348      58.6998
     349      58.6591
     350      58.5171
     351      58.6164
     352      57.8519
     353      58.0349
     354      58.1893
     355      58.5576
     356      58.9068
     357      58.6533
     358      58.7496
     359      58.7529
     360      59.6408
     361      60.0779
     362      60.4130
     363      61.2774
     364      61.4370
     365      61.1781
     366      61.6247
     367      60.9142
     368      61.1828
     369      60.9615
     370      61.1071
     371      61.7987
     372      61.5789
     373      62.3773
     374      62.7353
     375      62.2343
     376      61.7293
     377      60.6245
     378      60.8979
     379      60.7534
     380      61.3716
     381      61.0243
     382      61.2661
     383      61.0073
     384      61.1136
     385      61.2396
     386      60.9952
     387      60.2127
     388      59.3253
     389      58.8129
     390      59.5719
     391      59.3010
     392      58.9647
     393      58.4641
     394      57.7379
     395      58.9049
     396      58.8361
     397      58.0646
     398      57.4622
     399      56.0954
     400      56.7638
     401      57.5421
     402      57.9989
     403      57.6015
     404      57.6131
     405      57.4852
     406      57.7987
     407      58.1424
     408      58.7590
     409      58.6867
     410      58.6667
     411      58.3207
     412      57.7770
     413      59.2614
     414      59.3287
     415      60.0091
     416      58.9656
     417      58.4794
     418      58.7642
     419      59.0951
     420      58.7448
     421      58.8369
     422      58.9786
     423      58.7657
     424      59.0208
     425      58.9350
     426      59.7040
     427      59.4933
     428      60.0805
     429      59.9912
     430      60.3379
     431      60.5700
     432      60.3654
     433      60.9108
     434      59.1636
     435      58.7385
     436      58.1936
     437      57.9903
     438      57.2971
     439      57.4823
     440      57.5332
     441      57.8561
     442      58.4761
     443      58.4155
     444      58.8837
     445      57.9260
     446      57.0508
     447      57.4240
     448      57.6466
     449      57.6695
     450      56.5281
     451      57.1629
     452      57.2525
     453      56.7295
     454      56.7535
     455      57.0809
     456      57.0055
     457      58.1270
     458      57.0638
     459      57.1527
     460      57.1064
     461      56.9393
     462      57.3379
     463      56.9095
     464      56.3590
     465      57.1540
     466      57.7753
     467      58.9888
     468      59.3061
     469      59.0205
     470      59.4017
     471      59.5175
     472      60.2251
     473      60.1183
     474      59.8584
     475      60.2246
     476      60.7058
     477      61.0260
     478      61.0168
     479      62.1529
     480      61.7378
     481      61.3343
     482      61.2013
     483      60.9616
     484      61.3129
     485      61.9855
     486      60.9697
     487      61.3312
     488      61.4351
     489      62.2291
     490      62.0795
     491      62.5471
     492      62.8127
     493      63.9281
     494      63.4279
     495      63.3337
     496      63.2146
     497      63.6157
     498      63.4013
     499      63.1763
     500      62.9721
     501      62.1458
     502      61.9007
     503      61.5110
     504      62.0883
     505      61.9799
     506      61.7176
     507      61.8284
     508      61.0723
     509      60.7542
     510      60.3723
     511      61.1767
     512      60.6411
     513      59.5768
     514      60.2498
     515      60.3209
     516      61.2010
     517      60.7723
     518      60.3460
     519      60.5485
     520      61.0137
     521      61.0803
     522      60.1303
     523      61.3112
     524      60.9311
     525      60.4938
     526      61.3625
     527      60.1939
     528      60.3649
     529      61.0742
     530      61.4051
     531      61.3157
     532      62.4830
     533      62.8144
     534      62.3418
     535      61.9990
     536      62.2560
     537      61.2525
     538      60.9881
     539      61.2079
     540      61.4895
     541      61.4392
     542      61.5299
     543      60.9909
     544      61.6145
     545      61.8508
     546      61.2021
     547      60.7374
     548      61.4205
     549      60.3387
     550      60.2139
     551      60.9279
     552      60.0084
     553      60.9024
     554      60.5741
     555      60.8143
     556      62.1501
     557      61.8437
     558      62.2565
     559      62.8626
     560      62.5377
     561      62.1580
     562      62.4469
     563      61.7111
     564      61.6527
     565      61.4082
     566      61.0171
     567      61.6871
     568      62.3632
     569      61.6665
     570      60.9096
     571      61.2400
     572      62.1080
     573      62.3994
     574      62.2600
     575      62.4382
     576      63.2005
     577      62.2062
     578      62.1127
     579      62.1048
     580      62.6064
     581      63.4116
     582      62.4210
     583      62.9332
     584      62.8272
     585      63.2567
     586      63.9398
     587      63.2752
     588      62.9931
     589      63.0714
     590      62.4329
     591      62.2114
     592      62.0395
     593      61.3338
     594      60.7821
     595      60.5250
     596      60.5589
     597      59.9003
     598      59.9378
     599      60.0824
     600      59.4987
     601      59.9072
     602      59.5093
     603      59.4488
     604      59.7718
     605      60.0533
     606      59.6012
     607      59.4839
     608      59.4032
     609      59.5445
     610      60.1786
     611      61.3224
     612      61.9026
     613      60.8431
     614      60.6813
     615      60.5359
     616      61.3156
     617      62.3493
     618      62.6063
     619      61.5248
     620      61.9073
     621      63.0637
     622      63.8923
     623      63.8102
     624      63.5579
     625      63.6048
     626      63.6206
     627      62.0209
     628      62.2768
     629      62.6188
     630      62.9137
     631      62.6912
     632      62.7132
     633      62.1593
     634      62.7486
     635      62.9189
     636      62.8596
     637      62.7909
     638      61.8541
     639      62.1734
     640      62.5036
     641      62.7628
     642      61.7052
     643      61.4256
     644      60.6236
     645      61.0402
     646      60.6117
     647      60.6590
     648      59.2717
     649      59.4502
     650      59.3999
     651      59.8731
     652      60.5417
     653      59.2285
     654      58.3115
     655      58.4728
     656      59.2035
     657      58.6937
     658      58.6898
     659      58.5428
     660      58.6213
     661      58.8866
     662      59.4834
     663      58.5092
     664      58.5906
     665      58.5102
     666      59.1382
     667      58.5123
     668      58.8487
     669      59.9897
     670      59.8810
     671      59.4208
     672      59.5450
     673      58.9517
     674      58.5969
     675      57.5146
     676      58.9310
     677      58.2065
     678      58.9592
     679      58.3444
     680      58.4623
     681      59.2061
     682      60.4260
     683      61.1638
     684      60.3685
     685      59.2024
     686      59.5511
     687      59.2372
     688      59.7548
     689      60.4333
     690      60.9209
     691      60.9110
     692      61.1795
     693      61.6503
     694      61.4129
     695      60.8651
     696      60.8246
     697      61.2672
     698      60.4311
     699      60.4897
     700      60.8309
     701      60.6898
     702      60.5543
     703      60.3710
     704      59.7926
     705      60.1364
     706      59.2588
     707      60.2994
     708      60.7365
     709      61.0883
     710      60.8086
     711      61.0752
     712      60.6870
     713      59.9678
     714      59.8397
     715      59.3249
     716      59.9914
     717      59.5383
     718      59.4032
     719      59.9865
     720      59.6817
     721      61.1118
     722      61.4740
     723      62.5121
     724      62.7159
     725      61.6369
     726      61.4387
     727      61.2809
     728      62.0817
     729      61.3508
     730      60.8663
     731      61.1164
     732      60.0090
     733      61.2285
     734      60.6499
     735      60.8429
     736      61.1946
     737      60.4597
     738      60.8221
     739      60.8515
     740      61.4301
     741      61.0802
     742      61.8624
     743      61.8433
     744      61.1277
     745      60.6615
     746      59.7183
     747      60.1764
     748      60.1610
     749      59.9005
     750      59.7415
     751      60.2807
     752      59.9221
     753      60.6257
     754      61.0133
     755      61.2225
     756      61.1789
     757      61.0181
     758      61.6631
     759      62.5919
     760      62.5599
     761      61.7966
     762      62.1251
     763      62.6319
     764      62.7343
     765      62.9782
     766      62.2793
     767      62.4428
     768      61.7638
     769      62.0573
     770      60.6956
     771      60.3557
     772      59.3970
     773      58.0140
     774      57.8919
     775      57.8514
     776      58.5937
     777      58.2398
     778      58.7465
     779      58.3808
     780      58.1294
     781      58.7001
     782      59.2335
     783      59.5012
     784      59.7436
     785      59.6963
     786      59.3751
     787      59.3942
     788      59.7101
     789      59.2421
     790      58.9893
     791      59.2235
     792      59.1986
     793      60.1319
     794      58.6365
     795      59.0866
     796      58.5287
     797      58.7779
     798      59.1782
     799      58.0699
     800      58.1673
     801      58.0124
     802      58.3918
     803      57.5774
     804      57.2004
     805      57.6938
     806      57.0182
     807      56.8849
     808      57.5127
     809      57.9076
     810      58.5643
     811      58.7390
     812      58.4256
     813      58.4468
     814      58.5894
     815      59.5460
     816      59.2782
     817      59.8076
     818      59.1245
     819      58.8184
     820      58.8277
     821      59.3723
     822      59.3674
     823      59.4964
     824      59.1910
     825      59.7981
     826      60.4458
     827      60.0078
     828      59.7646
     829      60.1647
     830      60.4695
     831      60.5462
     832      60.6193
     833      60.6539
     834      60.5346
     835      61.5276
     836      60.6846
     837      60.8939
     838      60.7034
     839      59.6937
     840      60.8531
     841      62.1238
     842      61.5601
     843      63.0288
     844      63.4466
     845      63.1205
     846      62.8752
     847      63.4387
     848      63.3216
     849      63.9688
     850      62.9188
     851      63.5291
     852      63.7658
     853      63.3490
     854      62.6449
     855      62.6059
     856      62.3615
     857      62.3191
     858      62.3828
     859      62.5857
     860      62.3614
     861      62.5834
     862      62.6035
     863      62.5919
     864      62.7456
     865      62.5430
     866      62.9231
     867      63.2717
     868      62.9361
     869      62.7936
     870      61.9958
     871      62.4564
     872      64.0334
     873      64.4136
     874      64.6967
     875      65.1030
     876      65.6218
     877      64.9663
     878      64.6815
     879      63.7218
     880      63.8227
     881      63.4958
     882      64.1408
     883      64.3226
     884      64.1101
     885      64.1345
     886      63.8493
     887      63.8330
     888      63.9963
     889      62.9123
     890      62.9382
     891      63.3379
     892      62.5417
     893      63.0823
     894      62.9570
     895      63.5305
     896      63.6132
     897      62.9228
     898      62.2794
     899      62.3908
     900      62.9139
     901      63.5959
     902      63.3764
     903      63.5867
     904      63.3656
     905      62.7761
     906      63.5542
     907      63.7902
     908      63.8997
     909      63.5499
     910      63.3055
     911      65.0444
     912      65.5875
     913      65.3391
     914      64.7936
     915      65.4542
     916      64.7616
     917      64.1945
     918      64.0755
     919      64.1628
     920      63.7565
     921      64.1837
     922      63.4451
     923      63.1127
     924      64.0365
     925      63.2032
     926      63.2119
     927      63.3688
     928      63.8784
     929      62.5450
     930      62.6528
     931      63.1742
     932      62.9069
     933      62.8140
     934      63.2598
     935      63.6462
     936      63.4540
     937      62.9081
     938      63.1774
     939      63.1933
     940      62.9435
     941      62.8732
     942      63.9315
     943      63.1568
     944      62.5755
     945      61.1273
     946      62.3662
     947      62.7161
     948      62.2947
     949      62.4671
     950      62.2068
     951      63.1980
     952      62.9200
     953      62.8222
     954      62.1961
     955      62.3238
     956      62.2923
     957      62.5298
     958      62.9724
     959      62.1779
     960      62.1999
     961      61.9214
     962      61.4207
     963      61.9538
     964      61.5617
     965      60.7860
     966      61.0973
     967      60.6432
     968      60.6839
     969      60.5008
     970      60.4053
     971      59.6658
     972      60.9154
     973      60.1220
     974      60.1120
     975      60.3896
     976      60.5576
     977      60.4670
     978      60.3521
     979      61.0902
     980      61.9920
     981      62.7446
     982      62.9193
     983      62.1132
     984      62.2641
     985      62.4056
     986      61.8815
     987      62.2351
     988      61.5123
     989      61.6812
     990      61.3785
     991      61.2044
     992      61.7120
     993      61.1329
     994      61.4318
     995      61.5993
     996      61.3155
     997      62.0446
     998      62.9809
     999      62.7112
    1000      61.4529
    1001      61.2771
    1002      61.0414
    1003      61.5717
    1004      62.1088
    1005      61.8469
    1006      62.0456
    1007      62.8687
    1008      61.3952
    1009      62.3226
    1010      61.8343
    1011      61.5208
    1012      61.9912
    1013      62.1923
    1014      62.5228
    1015      61.8854
    1016      61.6765
    1017      61.3205
    1018      61.7364
    1019      62.6167
    1020      63.3692
    1021      63.0222
    1022      62.8588
    1023      62.9023
    1024      61.8244
    1025      61.7925
    1026      62.2967
    1027      62.4227
    1028      62.8629
    1029      63.6203
    1030      63.1473
    1031      62.5859
    1032      63.2745
    1033      62.2768
    1034      62.7770
    1035      61.9719
    1036      61.4250
    1037      61.7674
    1038      60.5785
    1039      61.3414
    1040      60.9447
    1041      60.9874
    1042      61.0633
    1043      60.1921
    1044      59.9263
    1045      60.4436
    1046      60.0345
    1047      60.1842
    1048      59.9678
    1049      60.4988
    1050      59.8485
    1051      60.3073
    1052      60.8326
    1053      60.2738
    1054      59.9257
    1055      60.8057
    1056      60.4585
    1057      59.6851
    1058      59.7988
    1059      59.8566
    1060      59.8666
    1061      59.9362
    1062      59.7709
    1063      59.7551
    1064      59.1021
    1065      59.2508
    1066      60.1623
    1067      61.4539
    1068      60.5250
    1069      60.5124
    1070      60.0170
    1071      60.1185
    1072      59.7964
    1073      59.9838
    1074      59.8550
    1075      60.8561
    1076      60.6271
    1077      60.1813
    1078      59.9133
    1079      60.4406
    1080      61.5758
    1081      61.5561
    1082      60.7124
    1083      60.5561
    1084      60.5745
    1085      60.2353
    1086      61.1242
    1087      60.8513
    1088      60.8258
    1089      61.1212
    1090      60.9114
    1091      61.2055
    1092      60.2004
    1093      60.1343
    1094      59.6115
    1095      59.8044
    1096      59.6509
    1097      59.3075
    1098      59.1166
    1099      59.4529
    1100      60.7154
    1101      61.2502
    1102      61.1207
    1103      60.5954
    1104      61.5440
    1105      61.4052
    1106      61.3973
    1107      60.3013
    1108      60.5780
    1109      59.2197
    1110      58.8181
    1111      59.3746
    1112      59.7675
    1113      59.5329
    1114      59.0952
    1115      58.7181
    1116      58.5256
    1117      58.7702
    1118      58.9959
    1119      58.9525
    1120      58.3853
    1121      58.5961
    1122      59.1517
    1123      59.2257
    1124      58.6730
    1125      58.7434
    1126      58.0222
    1127      58.9697
    1128      59.2726
    1129      59.6236
    1130      58.9384
    1131      59.5300
    1132      60.3517
    1133      60.3253
    1134      60.1050
    1135      59.4540
    1136      60.0496
    1137      59.3541
    1138      59.1112
    1139      59.1907
    1140      60.3795
    1141      60.8884
    1142      60.3455
    1143      60.7675
    1144      61.3074
    1145      61.4614
    1146      62.1936
    1147      62.7261
    1148      63.0855
    1149      62.3410
    1150      62.2033
    1151      62.0757
    1152      61.6781
    1153      62.3627
    1154      63.4857
    1155      63.1445
    1156      63.0369
    1157      63.1312
    1158      62.3739
    1159      63.1081
    1160      62.8423
    1161      62.1994
    1162      63.1695
    1163      63.2457
    1164      63.6299
    1165      63.9913
    1166      63.5971
    1167      63.4852
    1168      63.5740
    1169      63.2580
    1170      63.9628
    1171      64.4261
    1172      64.5494
    1173      63.4723
    1174      62.9813
    1175      62.8217
    1176      62.3752
    1177      61.8398
    1178      61.6472
    1179      61.3938
    1180      61.5996
    1181      61.8307
    1182      62.3027
    1183      61.4264
    1184      60.3082
    1185      60.3931
    1186      59.8906
    1187      60.2610
    1188      59.7167
    1189      59.8552
    1190      59.3982
    1191      58.7740
    1192      58.6983
    1193      58.8993
    1194      58.5161
    1195      58.3450
    1196      57.9715
    1197      57.9795
    1198      58.1942
    1199      58.2625
    1200      58.7606
    1201      58.3465
    1202      58.4941
    1203      59.5039
    1204      59.5145
    1205      58.8415
    1206      58.1918
    1207      57.6049
    1208      58.0563
    1209      57.4264
    1210      57.9576
    1211      58.9806
    1212      59.4520
    1213      60.2731
    1214      58.7332
    1215      57.5026
    1216      58.6017
    1217      57.9944
    1218      57.8314
    1219      57.6680
    1220      56.7272
    1221      56.8062
    1222      56.8823
    1223      57.0014
    1224      55.8556
    1225      55.6267
    1226      56.7320
    1227      56.9971
    1228      56.3990
    1229      55.6195
    1230      55.1867
    1231      55.8432
    1232      55.0581
    1233      55.9786
    1234      57.3260
    1235      57.4865
    1236      56.3325
    1237      56.8061
    1238      58.0537
    1239      57.3858
    1240      57.1726
    1241      57.2277
    1242      56.9033
    1243      56.1934
    1244      56.4943
    1245      56.4171
    1246      56.4326
    1247      56.9988
    1248      56.1970
    1249      56.6899
    1250      56.4103
    1251      56.9065
    1252      58.2940
    1253      58.3327
    1254      58.7346
    1255      58.4196
    1256      58.6558
    1257      58.1280
    1258      58.7958
    1259      59.1863
    1260      58.8178
    1261      59.2480
    1262      59.0283
    1263      58.8972
    1264      58.0225
    1265      58.0081
    1266      57.1233
    1267      56.7060
    1268      57.4818
    1269      57.9008
    1270      58.8699
    1271      57.9008
    1272      58.1869
    1273      58.3923
    1274      59.0818
    1275      59.3691
    1276      59.7594
    1277      60.7299
    1278      60.0389
    1279      59.7644
    1280      60.7647
    1281      61.6390
    1282      61.4513
    1283      60.4010
    1284      60.4220
    1285      60.3405
    1286      59.9701
    1287      60.7299
    1288      61.3594
    1289      61.3060
    1290      61.2371
    1291      61.3829
    1292      62.0233
    1293      61.7162
    1294      61.4606
    1295      61.4140
    1296      61.5827
    1297      60.7046
    1298      60.8096
    1299      60.3828
    1300      61.4343
    1301      62.1410
    1302      61.7422
    1303      61.5927
    1304      62.0913
    1305      62.5545
    1306      62.3557
    1307      62.6407
    1308      61.8644
    1309      62.2217
    1310      61.5511
    1311      61.8131
    1312      62.0698
    1313      61.3235
    1314      61.1693
    1315      61.5029
    1316      61.9547
    1317      62.2762
    1318      63.0128
    1319      63.4636
    1320      62.6295
    1321      63.2869
    1322      63.1316
    1323      61.9423
    1324      62.7120
    1325      63.1481
    1326      63.0566
    1327      63.8317
    1328      64.5048
    1329      63.8879
    1330      63.6503
    1331      63.4864
    1332      62.7921
    1333      62.7346
    1334      62.6782
    1335      62.5914
    1336      63.3183
    1337      62.3845
    1338      62.5843
    1339      62.7251
    1340      62.9623
    1341      63.3506
    1342      62.7015
    1343      63.0317
    1344      62.9565
    1345      62.9906
    1346      62.8321
    1347      62.4266
    1348      61.5193
    1349      62.2937
    1350      62.1026
    1351      61.9984
    1352      62.0263
    1353      62.4335
    1354      62.6762
    1355      62.2232
    1356      62.3731
    1357      63.0531
    1358      63.5692
    1359      63.0633
    1360      62.9098
    1361      63.5837
    1362      63.5333
    1363      63.4990
    1364      63.4212
    1365      63.2023
    1366      62.7744
    1367      63.8912
    1368      64.2619
    1369      63.7932
    1370      63.9934
    1371      62.8635
    1372      63.0811
    1373      62.3860
    1374      62.8834
    1375      63.4878
    1376      63.2363
    1377      62.3844
    1378      62.0563
    1379      62.7835
    1380      63.5595
    1381      62.8577
    1382      61.7541
    1383      62.1240
    1384      60.4903
    1385      61.7469
    1386      61.2468
    1387      61.0241
    1388      60.4982
    1389      60.8764
    1390      61.7902
    1391      60.7983
    1392      60.9745
    1393      60.9990
    1394      61.0656
    1395      61.6298
    1396      62.4258
    1397      62.6009
    1398      63.1603
    1399      63.4442
    1400      63.5313
    1401      63.9704
    1402      63.6109
    1403      63.9238
    1404      64.2173
    1405      64.0651
    1406      64.3983
    1407      65.1701
    1408      65.3386
    1409      65.1690
    1410      64.5400
    1411      64.7938
    1412      64.0844
    1413      64.8898
    1414      64.7611
    1415      64.2907
    1416      65.3318
    1417      65.5546
    1418      65.5769
    1419      65.7710
    1420      64.9657
    1421      64.8951
    1422      64.5228
    1423      64.2262
    1424      65.1152
    1425      64.8889
    1426      65.4152
    1427      65.5914
    1428      65.1558
    1429      66.4378
    1430      66.1236
    1431      66.3457
    1432      67.0307
    1433      66.3439
    1434      65.6207
    1435      65.8475
    1436      65.8374
    1437      66.7199
    1438      66.5587
    1439      66.2131
    1440      66.1112
    1441      66.6045
    1442      66.3331
    1443      66.8028
    1444      66.6045
    1445      66.0100
    1446      65.3406
    1447      65.9186
    1448      65.9219
    1449      66.5720
    1450      67.7457
    1451      67.1204
    1452      67.6026
    1453      67.0657
    1454      66.6624
    1455      66.6658
    1456      66.7430
    1457      65.9772
    1458      67.1205
    1459      67.0825
    1460      66.4080
    1461      65.4956
    1462      65.8572
    1463      66.2747
    1464      65.7290
    1465      64.9263
    1466      65.1980
    1467      66.1357
    1468      65.9359
    1469      65.1423
    1470      65.2706
    1471      65.3867
    1472      64.6321
    1473      65.1599
    1474      65.8767
    1475      65.7698
    1476      65.8328
    1477      65.9273
    1478      66.3674
    1479      67.0170
    1480      67.5071
    1481      66.6762
    1482      66.8486
    1483      66.4005
    1484      66.7265
    1485      65.4659
    1486      65.9426
    1487      65.7817
    1488      66.1501
    1489      65.7580
    1490      66.0231
    1491      65.9430
    1492      65.2505
    1493      64.4527
    1494      64.9032
    1495      64.7151
    1496      64.2445
    1497      64.6995
    1498      64.2471
    1499      64.0683
    1500      64.0790
    1501      64.6194
    1502      63.9959
    1503      63.6775
    1504      63.6645
    1505      64.8350
    1506      64.5327
    1507      63.2174
    1508      63.3435
    1509      63.2208
    1510      62.7148
    1511      62.0316
    1512      61.3923
    1513      62.3404
    1514      62.0997
    1515      61.9870
    1516      62.8304
    1517      62.0033
    1518      62.1208
    1519      63.8228
    1520      62.6321
    1521      61.8823
    1522      62.1016
    1523      62.4971
    1524      63.0790
    1525      63.0126
    1526      64.2325
    1527      64.0693
    1528      64.2274
    1529      64.2091
    1530      63.7282
    1531      64.0349
    1532      63.1774
    1533      64.3791
    1534      64.1880
    1535      63.6935
    1536      63.6849
    1537      63.9380
    1538      63.4529
    1539      63.4035
    1540      64.4600
    1541      65.0545
    1542      65.7216
    1543      64.8825
    1544      65.0862
    1545      65.2903
    1546      65.3771
    1547      64.8121
    1548      64.3961
    1549      64.7242
    1550      64.0068
    1551      63.5385
    1552      62.7894
    1553      63.6879
    1554      64.8976
    1555      66.1439
    1556      64.8682
    1557      65.2163
    1558      65.8795
    1559      65.6427
    1560      65.5535
    1561      64.7489
    1562      65.0102
    1563      63.9448
    1564      64.1933
    1565      65.1825
    1566      64.4825
    1567      64.6778
    1568      63.8294
    1569      63.9865
    1570      63.8611
    1571      63.0763
    1572      63.3320
    1573      63.1207
    1574      64.2310
    1575      65.1144
    1576      64.5191
    1577      64.7914
    1578      65.5962
    1579      65.8333
    1580      65.8461
    1581      66.4277
    1582      66.3644
    1583      66.0426
    1584      66.0608
    1585      65.5555
    1586      65.6599
    1587      64.9147
    1588      65.4965
    1589      65.4620
    1590      66.1277
    1591      66.0761
    1592      66.0792
    1593      64.8110
    1594      65.2250
    1595      64.7465
    1596      65.1068
    1597      65.0910
    1598      65.3920
    1599      64.0451
    1600      63.9900
    1601      63.2480
    1602      64.3548
    1603      64.0856
    1604      64.5304
    1605      65.0279
    1606      66.2876
    1607      66.2897
    1608      65.9278
    1609      65.3187
    1610      65.3979
    1611      64.9905
    1612      64.5379
    1613      64.0776
    1614      63.6292
    1615      63.6545
    1616      64.0865
    1617      64.2688
    1618      64.1858
    1619      63.6232
    1620      64.6555
    1621      64.2750
    1622      64.3208
    1623      63.8706
    1624      64.0111
    1625      63.4253
    1626      63.3617
    1627      63.9829
    1628      63.3671
    1629      63.5396
    1630      62.8227
    1631      63.3668
    1632      64.1698
    1633      63.9977
    1634      63.8105
    1635      63.1758
    1636      62.5828
    1637      62.6589
    1638      62.4873
    1639      62.0618
    1640      63.2603
    1641      62.8963
    1642      62.9383
    1643      62.6864
    1644      62.4059
    1645      62.9816
    1646      64.3043
    1647      63.8561
    1648      64.2615
    1649      64.1827
    1650      64.1293
    1651      64.8782
    1652      64.4044
    1653      63.9514
    1654      63.8942
    1655      64.4810
    1656      64.4237
    1657      63.9109
    1658      65.3162
    1659      64.6312
    1660      63.4593
    1661      63.5462
    1662      63.2594
    1663      62.9671
    1664      63.3222
    1665      63.0735
    1666      62.8033
    1667      62.0657
    1668      62.0842
    1669      62.2706
    1670      62.6316
    1671      63.0368
    1672      62.6241
    1673      63.2534
    1674      63.3785
    1675      62.2597
    1676      62.4767
    1677      62.6676
    1678      61.3897
    1679      61.5609
    1680      60.3742
    1681      59.1713
    1682      60.2767
    1683      59.7768
    1684      58.7382
    1685      59.3588
    1686      59.4206
    1687      60.0852
    1688      60.4499
    1689      60.4187
    1690      59.8806
    1691      59.0594
    1692      59.6357
    1693      59.0987
    1694      59.7546
    1695      59.0792
    1696      59.0604
    1697      58.5947
    1698      58.3129
    1699      58.4333
    1700      58.3702
    1701      58.8535
    1702      59.7762
    1703      59.6751
    1704      60.7060
    1705      60.8646
    1706      60.3964
    1707      60.7634
    1708      60.8510
    1709      60.8371
    1710      60.9415
    1711      62.4383
    1712      60.8980
    1713      60.8704
    1714      62.1249
    1715      62.0946
    1716      62.2815
    1717      62.0278
    1718      62.7550
    1719      62.8757
    1720      62.7585
    1721      62.8448
    1722      63.3541
    1723      62.9864
    1724      62.9115
    1725      61.9464
    1726      61.9194
    1727      62.5395
    1728      63.5007
    1729      63.3353
    1730      63.5377
    1731      64.1884
    1732      63.7839
    1733      62.9787
    1734      63.4662
    1735      63.4533
    1736      62.8475
    1737      63.6662
    1738      63.0577
    1739      62.9600
    1740      62.8233
    1741      61.6295
    1742      61.6662
    1743      61.9437
    1744      61.5153
    1745      62.2748
    1746      62.4925
    1747      62.7419
    1748      62.5686
    1749      62.0509
    1750      62.5285
    1751      62.6123
    1752      62.6691
    1753      62.4455
    1754      62.4715
    1755      61.5922
    1756      62.3352
    1757      62.4342
    1758      61.3305
    1759      61.3662
    1760      61.9440
    1761      62.2475
    1762      62.7991
    1763      63.5599
    1764      62.7882
    1765      63.3224
    1766      62.8416
    1767      62.7958
    1768      63.4887
    1769      63.8119
    1770      63.9983
    1771      63.5368
    1772      62.4504
    1773      62.7675
    1774      62.8301
    1775      62.1238
    1776      62.3177
    1777      62.8195
    1778      62.7343
    1779      61.5372
    1780      61.0681
    1781      60.7741
    1782      62.0198
    1783      62.8258
    1784      62.1154
    1785      63.5347
    1786      63.5447
    1787      63.7156
    1788      63.7750
    1789      63.8678
    1790      64.0518
    1791      65.1563
    1792      64.5410
    1793      63.7775
    1794      62.9347
    1795      63.3964
    1796      64.1658
    1797      63.4016
    1798      62.9505
    1799      62.5213
    1800      62.6763
    1801      62.9189
    1802      62.8086
    1803      63.3436
    1804      63.8118
    1805      64.3700
    1806      65.5021
    1807      65.4729
    1808      65.3850
    1809      65.3882
    1810      65.4295
    1811      63.9588
    1812      65.2543
    1813      64.6879
    1814      65.2008
    1815      64.9307
    1816      65.4798
    1817      64.7126
    1818      64.9643
    1819      64.7827
    1820      64.6222
    1821      63.7816
    1822      62.9955
    1823      63.1445
    1824      62.7491
    1825      62.1666
    1826      62.4810
    1827      62.8591
    1828      62.9093
    1829      63.7306
    1830      62.4088
    1831      62.7731
    1832      63.0007
    1833      62.2776
    1834      61.8687
    1835      62.5075
    1836      62.7010
    1837      62.5919
    1838      62.5089
    1839      62.4035
    1840      63.4706
    1841      62.1970
    1842      61.5102
    1843      59.8303
    1844      59.9967
    1845      60.1891
    1846      61.4938
    1847      61.6181
    1848      61.9675
    1849      61.6448
    1850      62.1710
    1851      62.2648
    1852      62.5223
    1853      63.1977
    1854      63.4303
    1855      63.2955
    1856      63.7061
    1857      64.6189
    1858      65.3708
    1859      65.3162
    1860      65.5245
    1861      65.3435
    1862      64.6685
    1863      64.5966
    1864      65.8226
    1865      64.6555
    1866      64.4850
    1867      65.0992
    1868      64.3421
    1869      65.1093
    1870      64.6031
    1871      64.8256
    1872      64.4697
    1873      63.9248
    1874      63.3703
    1875      63.5653
    1876      63.5157
    1877      63.8260
    1878      63.9591
    1879      64.4543
    1880      64.1879
    1881      63.9916
    1882      65.1552
    1883      63.9742
    1884      64.0226
    1885      63.7116
    1886      63.5168
    1887      63.3207
    1888      63.3849
    1889      63.7187
    1890      63.4441
    1891      63.6114
    1892      63.1496
    1893      63.0882
    1894      63.2456
    1895      63.1245
    1896      63.5706
    1897      62.7028
    1898      62.4283
    1899      62.1589
    1900      61.1906
    1901      61.4899
    1902      61.0171
    1903      62.2444
    1904      61.8037
    1905      62.0514
    1906      61.6496
    1907      61.2025
    1908      60.7186
    1909      61.0780
    1910      60.3582
    1911      60.7628
    1912      61.8843
    1913      61.7863
    1914      61.7102
    1915      60.7582
    1916      60.3459
    1917      60.8036
    1918      60.6878
    1919      60.9287
    1920      61.7748
    1921      62.1772
    1922      62.4919
    1923      62.4944
    1924      61.3467
    1925      61.7870
    1926      61.0513
    1927      61.6434
    1928      62.6273
    1929      62.7709
    1930      62.9046
    1931      63.4282
    1932      63.6006
    1933      63.0845
    1934      63.5121
    1935      63.6503
    1936      64.0650
    1937      63.7035
    1938      63.5427
    1939      63.4835
    1940      62.8277
    1941      63.0645
    1942      62.6836
    1943      62.0387
    1944      61.3095
    1945      62.3455
    1946      62.3215
    1947      62.4913
    1948      63.6837
    1949      63.2248
    1950      63.0656
    1951      62.9292
    1952      63.1225
    1953      63.1949
    1954      62.5611
    1955      62.2799
    1956      62.2031
    1957      62.1980
    1958      62.8713
    1959      63.2004
    1960      62.8602
    1961      63.4112
    1962      64.0025
    1963      63.8132
    1964      63.2612
    1965      63.5098
    1966      63.7075
    1967      63.2680
    1968      63.6137
    1969      63.4498
    1970      64.1825
    1971      64.3843
    1972      64.6579
    1973      65.3148
    1974      64.7376
    1975      65.2284
    1976      64.8644
    1977      64.7267
    1978      65.2280
    1979      64.8490
    1980      65.0589
    1981      66.1118
    1982      65.5183
    1983      65.4824
    1984      64.5815
    1985      64.6017
    1986      65.0476
    1987      64.5789
    1988      63.7920
    1989      64.1141
    1990      64.5305
    1991      63.7517
    1992      63.7640
    1993      62.9580
    1994      63.3494
    1995      63.3767
    1996      63.0361
    1997      63.0043
    1998      63.8842
    1999      64.2304
    2000      64.7619
    2001      64.6783
    2002      64.2465
    2003      63.8968
    2004      64.3561
    2005      63.4064
    2006      63.7509
    2007      64.0101
    2008      63.1798
    2009      64.7274
    2010      64.7788
    2011      64.5851
    2012      64.5416
    2013      65.1982
    2014      64.2971
    2015      63.9899
    2016      63.3352
    2017      62.0483
    2018      61.8129
    2019      62.9718
    2020      62.4597
    2021      62.3824
    2022      62.6471
    2023      62.8257
    2024      62.6705
    2025      62.7669
    2026      64.1796
    2027      62.9266
    2028      61.9894
    2029      62.3679
    2030      63.4024
    2031      63.4286
    2032      63.8998
    2033      63.8445
    2034      63.8175
    2035      64.0118
    2036      63.9612
    2037      63.1635
    2038      63.4818
    2039      63.2053
    2040      63.3645
    2041      63.2434
    2042      63.2592
    2043      63.2664
    2044      62.9515
    2045      62.7315
    2046      62.2505
    2047      62.1756
    2048      62.4354
    2049      63.4345
    2050      62.7194
    2051      61.8408
    2052      62.5102
    2053      63.1900
    2054      62.0177
    2055      62.8045
    2056      63.4360
    2057      62.9420
    2058      62.9799
    2059      62.9339
    2060      62.7029
    2061      62.2450
    2062      61.6807
    2063      62.5865
    2064      63.3573
    2065      63.6290
    2066      64.3696
    2067      64.4447
    2068      64.5580
    2069      64.6615
    2070      64.6800
    2071      63.7331
    2072      63.5236
    2073      62.9373
    2074      62.8719
    2075      63.7626
    2076      63.6479
    2077      64.0268
    2078      64.2308
    2079      63.5565
    2080      63.6755
    2081      64.6646
    2082      64.0974
    2083      63.7058
    2084      63.6858
    2085      64.5581
    2086      64.1191
    2087      63.5390
    2088      63.2297
    2089      64.2465
    2090      63.7883
    2091      62.4098
    2092      62.1338
    2093      61.7898
    2094      62.0159
    2095      61.2765
    2096      61.2036
    2097      61.6909
    2098      62.4020
    2099      61.3999
    2100      62.3468
    2101      63.0449
    2102      62.8204
    2103      63.1145
    2104      62.9606
    2105      63.6044
    2106      63.4282
    2107      63.5730
    2108      62.6221
    2109      62.5483
    2110      62.1196
    2111      62.2727
    2112      62.0437
    2113      62.1225
    2114      61.3333
    2115      61.1379
    2116      61.5221
    2117      60.1170
    2118      59.7881
    2119      60.6688
    2120      60.1506
    2121      60.9873
    2122      61.2377
    2123      61.1779
    2124      61.8102
    2125      60.4036
    2126      60.0924
    2127      59.7940
    2128      59.7095
    2129      60.4798
    2130      59.9007
    2131      60.0680
    2132      60.4526
    2133      61.4499
    2134      60.9816
    2135      61.7590
    2136      61.8512
    2137      61.0753
    2138      61.2270
    2139      62.3959
    2140      63.4802
    2141      63.0286
    2142      62.5271
    2143      62.4742
    2144      63.7433
    2145      63.5018
    2146      63.0619
    2147      63.4528
    2148      62.3944
    2149      61.9118
    2150      61.8578
    2151      61.9252
    2152      61.4655
    2153      61.6652
    2154      62.4348
    2155      61.9160
    2156      62.1206
    2157      61.8272
    2158      61.9139
    2159      62.2846
    2160      62.3993
    2161      62.2274
    2162      62.1643
    2163      62.4990
    2164      61.3070
    2165      61.4150
    2166      61.6346
    2167      61.9614
    2168      61.9593
    2169      62.7918
    2170      63.4508
    2171      62.9791
    2172      63.8185
    2173      63.4685
    2174      63.2751
    2175      63.2657
    2176      62.2810
    2177      61.4464
    2178      61.0721
    2179      61.3545
    2180      61.3612
    2181      61.1037
    2182      61.0150
    2183      60.5685
    2184      60.7239
    2185      60.2097
    2186      60.6957
    2187      60.9734
    2188      60.8664
    2189      60.7741
    2190      61.4444
    2191      60.4587
    2192      60.2547
    2193      61.4144
    2194      60.8517
    2195      60.9737
    2196      60.3123
    2197      60.6701
    2198      60.8774
    2199      59.5232
    2200      59.3257
    2201      59.7848
    2202      59.9443
    2203      60.5861
    2204      60.6161
    2205      60.2852
    2206      59.6942
    2207      59.9094
    2208      59.7222
    2209      59.6523
    2210      60.4677
    2211      60.2143
    2212      59.7348
    2213      59.8318
    2214      60.8902
    2215      59.3119
    2216      59.2388
    2217      59.7548
    2218      60.0825
    2219      60.6422
    2220      61.2805
    2221      61.1472
    2222      60.6510
    2223      60.1600
    2224      60.1134
    2225      59.0037
    2226      59.7897
    2227      59.1154
    2228      59.8546
    2229      60.5407
    2230      59.2806
    2231      59.4119
    2232      59.8255
    2233      59.2863
    2234      58.6523
    2235      58.5625
    2236      59.2956
    2237      58.6167
    2238      59.8120
    2239      60.2582
    2240      60.8052
    2241      61.1040
    2242      61.8237
    2243      61.7742
    2244      61.6136
    2245      61.7027
    2246      61.2642
    2247      61.2087
    2248      61.7240
    2249      61.1518
    2250      61.4463
    2251      60.2502
    2252      60.1644
    2253      60.6120
    2254      60.1150
    2255      59.7964
    2256      59.3177
    2257      58.9580
    2258      59.7557
    2259      60.6557
    2260      60.5090
    2261      61.0244
    2262      61.8916
    2263      62.5757
    2264      61.3503
    2265      62.1331
    2266      62.4792
    2267      62.2296
    2268      62.5260
    2269      62.7334
    2270      62.1277
    2271      62.3145
    2272      61.5253
    2273      61.2251
    2274      60.1845
    2275      59.8830
    2276      60.9102
    2277      60.9922
    2278      60.5143
    2279      59.8409
    2280      60.7184
    2281      59.9690
    2282      60.1472
    2283      59.7805
    2284      60.3352
    2285      59.6199
    2286      60.2501
    2287      60.1495
    2288      59.2060
    2289      58.5836
    2290      59.1692
    2291      58.9449
    2292      60.0285
    2293      60.5931
    2294      59.7609
    2295      59.2630
    2296      58.1643
    2297      58.2040
    2298      58.7766
    2299      59.2566
    2300      59.4899
    2301      59.6384
    2302      59.5248
    2303      60.5207
    2304      60.6561
    2305      59.8075
    2306      59.4788
    2307      58.3552
    2308      58.8982
    2309      58.7850
    2310      58.4810
    2311      57.5312
    2312      57.2779
    2313      57.4048
    2314      56.7030
    2315      56.9231
    2316      57.2707
    2317      58.9963
    2318      59.3662
    2319      58.3498
    2320      58.3587
    2321      58.4923
    2322      57.6797
    2323      57.8637
    2324      57.6816
    2325      56.7651
    2326      56.9050
    2327      56.4571
    2328      56.8185
    2329      56.6111
    2330      57.0071
    2331      57.3936
    2332      57.9559
    2333      58.2700
    2334      58.3139
    2335      57.4132
    2336      57.2583
    2337      58.5297
    2338      59.2980
    2339      58.1632
    2340      58.4413
    2341      58.3696
    2342      58.0198
    2343      57.5133
    2344      57.7939
    2345      58.8896
    2346      58.9386
    2347      59.3353
    2348      59.2289
    2349      59.8007
    2350      59.7971
    2351      59.2414
    2352      58.6229
    2353      57.9087
    2354      57.8976
    2355      59.1492
    2356      58.3737
    2357      58.9568
    2358      58.2499
    2359      58.3170
    2360      59.1642
    2361      59.3150
    2362      59.0860
    2363      59.0477
    2364      59.3917
    2365      58.9633
    2366      58.7760
    2367      59.2400
    2368      59.7691
    2369      59.1395
    2370      59.3329
    2371      60.0803
    2372      59.8649
    2373      59.1199
    2374      59.2287
    2375      59.2429
    2376      58.7983
    2377      59.0250
    2378      58.7264
    2379      59.1345
    2380      60.2382
    2381      60.4508
    2382      59.6447
    2383      60.1411
    2384      60.2606
    2385      60.1491
    2386      60.5427
    2387      60.3550
    2388      59.5050
    2389      60.0526
    2390      60.7103
    2391      61.2001
    2392      61.2805
    2393      60.8897
    2394      60.7829
    2395      60.4169
    2396      60.4816
    2397      60.1774
    2398      59.4596
    2399      59.9168
    2400      59.5923
    2401      59.9891
    2402      60.9516
    2403      60.8934
    2404      60.1295
    2405      60.3909
    2406      60.4418
    2407      60.7561
    2408      61.0471
    2409      61.2259
    2410      60.1498
    2411      59.9013
    2412      58.6691
    2413      58.0981
    2414      58.9544
    2415      58.2007
    2416      58.0883
    2417      57.4627
    2418      57.1275
    2419      56.8297
    2420      56.5922
    2421      56.8417
    2422      57.9363
    2423      57.6448
    2424      57.2840
    2425      57.7989
    2426      57.4300
    2427      57.5858
    2428      57.7548
    2429      58.5320
    2430      57.5553
    2431      57.5045
    2432      56.8699
    2433      57.7775
    2434      57.1704
    2435      57.2541
    2436      58.3754
    2437      57.8452
    2438      57.4821
    2439      57.6425
    2440      58.3062
    2441      58.4700
    2442      57.6581
    2443      58.4387
    2444      59.0725
    2445      58.5587
    2446      58.5418
    2447      58.6003
    2448      59.7576
    2449      59.8573
    2450      59.6233
    2451      59.0762
    2452      59.0905
    2453      58.8123
    2454      58.1488
    2455      57.5855
    2456      57.6166
    2457      58.1999
    2458      56.5271
    2459      57.0377
    2460      56.7445
    2461      56.4631
    2462      57.2506
    2463      57.3737
    2464      57.7518
    2465      57.8317
    2466      57.4409
    2467      57.9648
    2468      57.7084
    2469      57.9919
    2470      58.5234
    2471      59.2791
    2472      59.0437
    2473      58.4244
    2474      57.7683
    2475      58.2551
    2476      58.5729
    2477      58.3870
    2478      58.9782
    2479      59.1225
    2480      58.5568
    2481      58.1758
    2482      58.2778
    2483      58.4286
    2484      58.5763
    2485      58.0571
    2486      58.0280
    2487      58.7728
    2488      59.9150
    2489      59.3895
    2490      59.4530
    2491      59.4334
    2492      59.5829
    2493      60.6211
    2494      60.7865
    2495      59.7982
    2496      60.1172
    2497      60.0263
    2498      60.1814
    2499      59.9344
    2500      61.0599
    2501      61.2938
    2502      61.0506
    2503      60.7236
    2504      61.2284
    2505      61.7756
    2506      62.7304
    2507      61.9698
    2508      61.9483
    2509      61.8219
    2510      61.8517
    2511      61.5484
    2512      61.8712
    2513      61.9741
    2514      62.8257
    2515      61.7118
    2516      62.3133
    2517      62.2798
    2518      61.8668
    2519      61.1677
    2520      62.1680
    2521      61.2843
    2522      61.5216
    2523      61.4219
    2524      60.6931
    2525      61.4697
    2526      61.3194
    2527      60.8576
    2528      60.6209
    2529      60.2515
    2530      60.3014
    2531      60.7297
    2532      60.1808
    2533      61.2345
    2534      60.1067
    2535      60.6684
    2536      60.1716
    2537      60.3007
    2538      59.9829
    2539      60.8766
    2540      60.4965
    2541      60.6042
    2542      59.5198
    2543      59.5678
    2544      59.9563
    2545      59.7391
    2546      59.7365
    2547      59.9410
    2548      59.3001
    2549      59.6745
    2550      60.9973
    2551      60.3263
    2552      59.8995
    2553      59.9875
    2554      60.4710
    2555      60.5231
    2556      60.8886
    2557      61.7964
    2558      61.7377
    2559      61.1086
    2560      60.9784
    2561      61.0050
    2562      61.3873
    2563      61.0506
    2564      61.2691
    2565      62.8438
    2566      62.6980
    2567      61.9390
    2568      61.9465
    2569      62.1491
    2570      61.9734
    2571      61.8714
    2572      62.2759
    2573      62.0561
    2574      61.2897
    2575      61.9560
    2576      62.0079
    2577      62.4851
    2578      62.4211
    2579      62.0499
    2580      61.4913
    2581      62.2632
    2582      62.4414
    2583      62.2861
    2584      61.7116
    2585      61.3476
    2586      61.6192
    2587      61.3805
    2588      61.3682
    2589      61.8032
    2590      61.8022
    2591      61.1622
    2592      61.4017
    2593      61.5783
    2594      61.6342
    2595      61.9557
    2596      62.0094
    2597      62.6833
    2598      62.5565
    2599      63.3193
    2600      62.8600
    2601      63.0643
    2602      63.7724
    2603      63.2319
    2604      62.2987
    2605      62.6940
    2606      63.0416
    2607      62.8524
    2608      62.5403
    2609      62.7502
    2610      62.5361
    2611      62.2376
    2612      62.7931
    2613      62.8402
    2614      62.0309
    2615      63.1670
    2616      62.8087
    2617      62.9648
    2618      63.0945
    2619      63.5524
    2620      63.4305
    2621      62.8790
    2622      62.0839
    2623      61.9752
    2624      62.4729
    2625      62.7825
    2626      62.4734
    2627      63.5557
    2628      64.1162
    2629      63.7600
    2630      63.2018
    2631      63.3538
    2632      63.4510
    2633      64.1806
    2634      64.3320
    2635      64.2611
    2636      63.8674
    2637      62.8783
    2638      62.5689
    2639      62.3563
    2640      61.9450
    2641      62.7795
    2642      62.3355
    2643      62.3684
    2644      62.0941
    2645      61.6525
    2646      62.1365
    2647      61.4152
    2648      61.5300
    2649      61.0101
    2650      61.0518
    2651      60.9767
    2652      60.9485
    2653      60.6023
    2654      61.0863
    2655      61.1055
    2656      60.7794
    2657      61.3152
    2658      61.6167
    2659      62.5974
    2660      62.6863
    2661      62.1721
    2662      62.6912
    2663      62.2948
    2664      62.8783
    2665      62.4961
    2666      62.9144
    2667      62.9551
    2668      62.9089
    2669      63.6014
    2670      63.2720
    2671      63.0439
    2672      63.3358
    2673      63.9143
    2674      64.1824
    2675      63.5432
    2676      63.4676
    2677      63.0982
    2678      62.3304
    2679      62.9659
    2680      63.0433
    2681      63.8666
    2682      63.1881
    2683      63.0636
    2684      61.8817
    2685      62.4598
    2686      61.4513
    2687      61.4426
    2688      62.7729
    2689      62.3012
    2690      61.4323
    2691      61.0022
    2692      60.2694
    2693      60.5975
    2694      59.6602
    2695      59.5009
    2696      59.4490
    2697      58.9458
    2698      59.2595
    2699      59.9009
    2700      60.8934
    2701      61.4282
    2702      61.8493
    2703      61.4471
    2704      59.9849
    2705      60.1697
    2706      61.3043
    2707      60.9129
    2708      60.7119
    2709      60.1920
    2710      60.7842
    2711      60.8731
    2712      60.9212
    2713      61.1716
    2714      61.4748
    2715      61.2536
    2716      60.4395
    2717      61.0297
    2718      60.7845
    2719      61.2421
    2720      60.6441
    2721      60.8704
    2722      60.5222
    2723      59.4094
    2724      60.2095
    2725      59.4516
    2726      59.7035
    2727      59.9834
    2728      58.8329
    2729      59.5302
    2730      58.9067
    2731      58.5776
    2732      58.2056
    2733      59.2285
    2734      59.1335
    2735      58.3010
    2736      58.5978
    2737      58.2409
    2738      57.6964
    2739      57.8205
    2740      58.1830
    2741      58.9398
    2742      59.2709
    2743      60.2102
    2744      59.7694
    2745      59.6834
    2746      59.6761
    2747      59.4920
    2748      58.7452
    2749      59.4150
    2750      59.5386
    2751      59.0634
    2752      58.6828
    2753      59.3531
    2754      59.0501
    2755      59.0349
    2756      59.0864
    2757      59.4507
    2758      59.9441
    2759      58.9466
    2760      58.2562
    2761      57.8399
    2762      57.8484
    2763      58.6239
    2764      58.8947
    2765      58.8005
    2766      58.4800
    2767      58.3655
    2768      59.2871
    2769      59.3945
    2770      59.9493
    2771      59.5925
    2772      60.0715
    2773      59.4651
    2774      60.1691
    2775      59.3652
    2776      59.2445
    2777      59.3701
    2778      58.9747
    2779      58.8224
    2780      57.3384
    2781      57.5159
    2782      57.9733
    2783      58.5872
    2784      58.5814
    2785      58.8172
    2786      58.3573
    2787      58.7883
    2788      58.5947
    2789      58.3382
    2790      57.6120
    2791      56.9477
    2792      57.7658
    2793      57.5908
    2794      58.5339
    2795      59.4832
    2796      59.9186
    2797      59.9720
    2798      60.4745
    2799      60.0666
    2800      60.4154
    2801      60.9481
    2802      60.7378
    2803      59.7575
    2804      59.2046
    2805      60.0595
    2806      59.7945
    2807      60.5078
    2808      61.2599
    2809      61.2682
    2810      60.4645
    2811      60.9713
    2812      61.0426
    2813      60.6006
    2814      60.1406
    2815      59.7708
    2816      59.5261
    2817      59.9089
    2818      60.6650
    2819      60.2207
    2820      59.4597
    2821      60.6954
    2822      60.0929
    2823      59.9690
    2824      59.9215
    2825      58.8367
    2826      59.0378
    2827      58.8627
    2828      59.3151
    2829      60.2089
    2830      60.5491
    2831      60.2632
    2832      59.9881
    2833      59.1769
    2834      59.3910
    2835      58.9533
    2836      59.0469
    2837      58.5887
    2838      58.7253
    2839      59.1945
    2840      59.3139
    2841      58.4063
    2842      58.2820
    2843      57.8883
    2844      58.0744
    2845      57.3508
    2846      57.6507
    2847      57.6146
    2848      56.9443
    2849      57.5415
    2850      57.2990
    2851      57.1361
    2852      57.9953
    2853      58.1893
    2854      58.0560
    2855      58.1853
    2856      57.2518
    2857      56.9726
    2858      55.8407
    2859      56.2038
    2860      55.4238
    2861      56.1531
    2862      55.2693
    2863      55.6674
    2864      55.2521
    2865      55.1346
    2866      55.2325
    2867      55.4655
    2868      55.5748
    2869      56.6404
    2870      56.8916
    2871      57.0894
    2872      56.9415
    2873      57.4783
    2874      57.2447
    2875      58.5870
    2876      57.9996
    2877      58.5759
    2878      58.5499
    2879      58.7675
    2880      58.6676
    2881      58.6456
    2882      58.9021
    2883      58.9762
    2884      59.0965
    2885      59.5328
    2886      58.5984
    2887      59.3114
    2888      59.4070
    2889      59.0564
    2890      58.2485
    2891      58.6295
    2892      58.3034
    2893      58.5429
    2894      58.0116
    2895      58.1130
    2896      59.4802
    2897      59.4484
    2898      60.0328
    2899      59.8244
    2900      59.1115
    2901      59.4880
    2902      58.9189
    2903      59.4620
    2904      59.1438
    2905      59.9701
    2906      59.9266
    2907      59.5114
    2908      60.2793
    2909      59.6798
    2910      59.2236
    2911      58.9994
    2912      59.2656
    2913      59.3229
    2914      59.1218
    2915      58.9392
    2916      58.3372
    2917      58.8060
    2918      59.8069
    2919      60.4615
    2920      60.9737
    2921      60.1671
    2922      59.9683
    2923      60.1651
    2924      59.5830
    2925      60.2736
    2926      60.4251
    2927      60.3077
    2928      60.3367
    2929      60.2605
    2930      59.8435
    2931      60.3302
    2932      59.9811
    2933      60.0952
    2934      60.4260
    2935      60.8760
    2936      61.2610
    2937      61.2428
    2938      60.3995
    2939      60.6089
    2940      60.6773
    2941      60.2959
    2942      60.5218
    2943      59.9452
    2944      60.4472
    2945      59.5524
    2946      59.6200
    2947      58.9577
    2948      59.8651
    2949      59.2292
    2950      58.7801
    2951      58.6754
    2952      58.4768
    2953      58.8240
    2954      58.9817
    2955      58.3803
    2956      58.3694
    2957      59.7943
    2958      59.5181
    2959      59.5405
    2960      59.5195
    2961      59.2038
    2962      59.1828
    2963      59.1526
    2964      58.9370
    2965      59.4173
    2966      58.9633
    2967      59.4067
    2968      58.8905
    2969      58.2340
    2970      59.6414
    2971      59.9053
    2972      59.8412
    2973      60.0566
    2974      59.3779
    2975      58.2819
    2976      58.7585
    2977      59.2632
    2978      59.6797
    2979      60.4434
    2980      60.4550
    2981      60.4543
    2982      59.9896
    2983      60.2634
    2984      59.4897
    2985      60.0346
    2986      60.2967
    2987      60.7274
    2988      60.4527
    2989      60.5011
    2990      60.2239
    2991      61.3429
    2992      60.2389
    2993      59.5766
    2994      61.1358
    2995      59.5311
    2996      58.8041
    2997      59.1527
    2998      59.3517
    2999      59.6683
    3000      60.4935
    3001      60.4146
    3002      59.5800
    3003      60.6308
    3004      58.9675
    3005      60.9252
    3006      60.1137
    3007      60.3899
    3008      61.1657
    3009      60.7361
    3010      61.1165
    3011      60.7920
    3012      61.0389
    3013      60.4175
    3014      60.4245
    3015      59.6627
    3016      60.3979
    3017      61.1968
    3018      60.2635
    3019      59.9402
    3020      59.9603
    3021      60.4124
    3022      60.1505
    3023      60.1970
    3024      60.0286
    3025      60.1442
    3026      60.3921
    3027      60.0922
    3028      59.4870
    3029      58.2078
    3030      58.7164
    3031      58.1475
    3032      58.0030
    3033      58.0646
    3034      58.0111
    3035      59.2391
    3036      58.9353
    3037      59.4580
    3038      59.9710
    3039      60.4824
    3040      60.9427
    3041      60.7115
    3042      61.3885
    3043      61.5248
    3044      62.0595
    3045      61.0831
    3046      61.3705
    3047      62.1538
    3048      60.5583
    3049      61.0551
    3050      61.8653
    3051      62.1008
    3052      62.9214
    3053      62.9605
    3054      62.2033
    3055      60.7727
    3056      61.4325
    3057      60.5904
    3058      60.9488
    3059      60.4850
    3060      60.3300
    3061      59.0151
    3062      59.8931
    3063      59.9809
    3064      59.5348
    3065      58.3979
    3066      58.8793
    3067      59.4486
    3068      58.9317
    3069      58.3910
    3070      58.9258
    3071      59.4126
    3072      58.9288
    3073      59.1576
    3074      58.8200
    3075      57.8563
    3076      57.6024
    3077      57.7581
    3078      57.7426
    3079      57.7636
    3080      57.4791
    3081      57.1329
    3082      58.3039
    3083      58.3784
    3084      59.0750
    3085      59.1457
    3086      60.1954
    3087      59.8880
    3088      59.7987
    3089      58.9739
    3090      58.7519
    3091      58.8338
    3092      59.3136
    3093      59.0572
    3094      58.9862
    3095      58.8366
    3096      58.6921
    3097      59.4351
    3098      59.4891
    3099      58.4432
    3100      58.5543
    3101      58.7804
    3102      58.1157
    3103      58.4563
    3104      57.6854
    3105      57.5474
    3106      57.3832
    3107      57.6290
    3108      56.4790
    3109      56.5607
    3110      57.8912
    3111      57.5485
    3112      57.8404
    3113      57.9185
    3114      57.7101
    3115      57.2147
    3116      56.7460
    3117      57.8380
    3118      56.6133
    3119      56.6683
    3120      56.7598
    3121      56.5862
    3122      56.6692
    3123      56.9871
    3124      56.7909
    3125      57.7251
    3126      56.3491
    3127      57.2133
    3128      56.7882
    3129      56.4431
    3130      56.3641
    3131      55.4536
    3132      56.3837
    3133      56.4824
    3134      56.3428
    3135      57.6313
    3136      57.7017
    3137      57.5413
    3138      58.0756
    3139      58.2165
    3140      57.8578
    3141      57.5611
    3142      57.5501
    3143      57.8149
    3144      57.6230
    3145      57.5923
    3146      57.7819
    3147      56.6236
    3148      56.7206
    3149      57.5462
    3150      56.9639
    3151      57.6628
    3152      56.7007
    3153      56.7662
    3154      56.5076
    3155      57.0600
    3156      57.1402
    3157      57.1823
    3158      57.2918
    3159      56.6853
    3160      57.6121
    3161      58.8783
    3162      59.0332
    3163      59.1759
    3164      58.8107
    3165      59.5149
    3166      59.4349
    3167      59.4762
    3168      58.1882
    3169      58.1228
    3170      58.5016
    3171      58.6453
    3172      57.8041
    3173      58.2360
    3174      59.1975
    3175      59.5281
    3176      59.4468
    3177      60.1713
    3178      59.4033
    3179      59.6323
    3180      59.4093
    3181      60.0073
    3182      60.7152
    3183      60.2258
    3184      60.5442
    3185      60.9180
    3186      59.9135
    3187      59.6838
    3188      59.5675
    3189      58.5970
    3190      59.3299
    3191      59.1098
    3192      59.6915
    3193      59.2275
    3194      59.3841
    3195      58.5434
    3196      59.5559
    3197      58.7077
    3198      59.7475
    3199      60.1935
    3200      59.6626
    3201      59.1709
    3202      59.4823
    3203      59.4824
    3204      58.8924
    3205      59.1549
    3206      59.4696
    3207      60.0122
    3208      60.6539
    3209      61.3132
    3210      61.6751
    3211      62.6804
    3212      62.5245
    3213      61.7452
    3214      61.7721
    3215      62.8695
    3216      62.2192
    3217      62.4440
    3218      62.1157
    3219      61.5431
    3220      61.3305
    3221      61.6170
    3222      60.7624
    3223      60.1420
    3224      60.7155
    3225      59.7752
    3226      59.4375
    3227      59.4064
    3228      59.1193
    3229      59.1664
    3230      59.1095
    3231      60.1032
    3232      59.7463
    3233      59.8016
    3234      59.8885
    3235      59.7583
    3236      59.5573
    3237      60.5293
    3238      60.3213
    3239      60.1345
    3240      60.6918
    3241      60.0457
    3242      60.8490
    3243      61.2170
