       1      55.2704
       2      53.5288
       3      54.0511
       4      53.5742
       5      54.7919
       6      55.7376
       7      55.9303
       8      56.4513
       9      55.9788
      10      54.7405
      11      55.4596
      12      55.9411
      13      57.0771
      14      57.7948
      15      57.1106
      16      56.5652
      17      55.5933
      18      55.5834
      19      54.4586
      20      55.5709
      21      54.3068
      22      54.6678
      23      53.9715
      24      54.9556
      25      54.8895
      26      54.1174
      27      53.8581
      28      54.4863
      29      55.0895
      30      54.5275
      31      53.5968
      32      52.8189
      33      52.5964
      34      52.6700
      35      53.1203
      36      51.8025
      37      51.6210
      38      50.5769
      39      51.4668
      40      51.8491
      41      51.1071
      42      52.3184
      43      52.7838
      44      53.1759
      45      52.6129
      46      53.2470
      47      53.6874
      48      53.3821
      49      53.3665
      50      52.9231
      51      53.0122
      52      53.4707
      53      53.1479
      54      52.7105
      55      52.6110
      56      53.1328
      57      53.4066
      58      52.1558
      59      52.1601
      60      52.8806
      61      54.0366
      62      52.9247
      63      53.5255
      64      52.5192
      65      53.3225
      66      51.1232
      67      51.3033
      68      51.0540
      69      51.2929
      70      52.1133
      71      51.7809
      72      52.0916
      73      51.8459
      74      52.6128
      75      53.5199
      76      52.9953
      77      52.3143
      78      51.8916
      79      51.1443
      80      51.8247
      81      51.7981
      82      51.4093
      83      51.9606
      84      52.7599
      85      52.2163
      86      50.9022
      87      50.4035
      88      50.4467
      89      49.7695
      90      50.0792
      91      48.9472
      92      50.7260
      93      49.5585
      94      50.9769
      95      51.8947
      96      51.5546
      97      52.3431
      98      50.8208
      99      48.6697
     100      49.9532
     101      49.9067
     102      49.8354
     103      51.4188
     104      51.9282
     105      52.1058
     106      51.8488
     107      51.1809
     108      51.6099
     109      50.9123
     110      51.8136
     111      51.9074
     112      52.2861
     113      52.6760
     114      53.0344
     115      53.5426
     116      54.3996
     117      55.0546
     118      54.4931
     119      54.2385
     120      53.5380
     121      54.7025
     122      53.2341
     123      53.6591
     124      52.7514
     125      53.1993
     126      53.7693
     127      53.8426
     128      53.6836
     129      53.1560
     130      52.5702
     131      52.8405
     132      52.4160
     133      53.0822
     134      53.2231
     135      53.1845
     136      52.9210
     137      53.3901
     138      53.2586
     139      52.6420
     140      52.6913
     141      53.5761
     142      53.7202
     143      52.3845
     144      50.8149
     145      50.4988
     146      51.6226
     147      51.7426
     148      52.8194
     149      53.5253
     150      53.9307
     151      54.2622
     152      53.6227
     153      53.3109
     154      53.3067
     155      53.3425
     156      53.2693
     157      53.3704
     158      53.5934
     159      53.3363
     160      52.7145
     161      52.4606
     162      52.0099
     163      53.0498
     164      53.7732
     165      53.0356
     166      53.1534
     167      52.7227
     168      52.0486
     169      51.4936
     170      53.2626
     171      52.6258
     172      52.7669
     173      53.4907
     174      53.0073
     175      52.3714
     176      52.5309
     177      52.1085
     178      52.3059
     179      51.8855
     180      51.1923
     181      52.3319
     182      52.9650
     183      53.2715
     184      54.6207
     185      53.5753
     186      53.4239
     187      53.3090
     188      53.4515
     189      53.4923
     190      54.3466
     191      53.5726
     192      52.4978
     193      51.5414
     194      52.7891
     195      52.4837
     196      50.7614
     197      51.7043
     198      52.4797
     199      52.2560
     200      53.0393
     201      52.5919
     202      52.8669
     203      53.6924
     204      53.7937
     205      52.9484
     206      52.3415
     207      52.2680
     208      53.1787
     209      52.8388
     210      52.0081
     211      51.4987
     212      51.7485
     213      52.1256
     214      52.1518
     215      51.2100
     216      49.7595
     217      50.1888
     218      49.2057
     219      51.1063
     220      51.5519
     221      51.4187
     222      50.9780
     223      50.7225
     224      49.6633
     225      49.9668
     226      50.4379
     227      49.4690
     228      49.1363
     229      48.7371
     230      48.8288
     231      50.1087
     232      49.8958
     233      49.9103
     234      49.4966
     235      49.1713
     236      50.0680
     237      50.4142
     238      51.5943
     239      51.0589
     240      52.0604
     241      51.1651
     242      50.0728
     243      51.2626
     244      51.5141
     245      51.9086
     246      50.4055
     247      49.4347
     248      48.0327
     249      48.1129
     250      47.7364
     251      48.6363
     252      47.6766
     253      47.7047
     254      48.1336
     255      48.0328
     256      47.5214
     257      49.0098
     258      48.5920
     259      48.6071
     260      48.4310
     261      49.7612
     262      49.0090
     263      49.0369
     264      48.2688
     265      48.9538
     266      48.5981
     267      50.0828
     268      50.1533
     269      49.6644
     270      50.3055
     271      49.4453
     272      50.6821
     273      48.9936
     274      48.9468
     275      48.1384
     276      47.6324
     277      48.6107
     278      48.4197
     279      49.6157
     280      49.2744
     281      48.4182
     282      47.4416
     283      48.2638
     284      48.5005
     285      49.6857
     286      49.1536
     287      49.0366
     288      48.6755
     289      47.6622
     290      47.7999
     291      48.0081
     292      49.3602
     293      48.6450
     294      49.5669
     295      48.8024
     296      47.8258
     297      49.0895
     298      50.6099
     299      50.1646
     300      50.1042
     301      51.0820
     302      50.8384
     303      50.5985
     304      51.1431
     305      51.6475
     306      51.4807
     307      51.4717
     308      51.6874
     309      51.4452
     310      51.7181
     311      52.2626
     312      51.6995
     313      52.4006
     314      53.5002
     315      51.0456
     316      52.1725
     317      51.2298
     318      50.2595
     319      50.4142
     320      50.8722
     321      50.0495
     322      49.7636
     323      49.8552
     324      50.3989
     325      50.0792
     326      51.5983
     327      51.2986
     328      52.6411
     329      50.3394
     330      50.5431
     331      50.8599
     332      50.6890
     333      51.3753
     334      52.4670
     335      51.9468
     336      52.1840
     337      51.3808
     338      50.1005
     339      49.7186
     340      50.4197
     341      49.4632
     342      49.3670
     343      48.4776
     344      47.8209
     345      49.0500
     346      48.0360
     347      48.9437
     348      49.5280
     349      50.4793
     350      51.0552
     351      50.9789
     352      51.0775
     353      50.6912
     354      49.8101
     355      51.5118
     356      52.3273
     357      51.5355
     358      50.9056
     359      50.6979
     360      50.7313
     361      50.4435
     362      51.1115
     363      50.5364
     364      52.0027
     365      52.1609
     366      52.2444
     367      51.3701
     368      50.2424
     369      50.2142
     370      51.1000
     371      51.1832
     372      51.8183
     373      52.0601
     374      52.9460
     375      52.2138
     376      52.4211
     377      52.4489
     378      52.3901
     379      51.6949
     380      50.6473
     381      50.7508
     382      50.4185
     383      49.7384
     384      51.1760
     385      49.7999
     386      49.8938
     387      49.7419
     388      49.0955
     389      49.5054
     390      49.6573
     391      49.5855
     392      49.1388
     393      48.5071
     394      49.0938
     395      49.3649
     396      50.5597
     397      50.3662
     398      49.7674
     399      49.1493
     400      50.0014
     401      50.2562
     402      50.2580
     403      50.2580
     404      49.3730
     405      50.8371
     406      50.6044
     407      50.7802
     408      49.1514
     409      49.4989
     410      49.4716
     411      49.4257
     412      50.6953
     413      49.9395
     414      49.8031
     415      50.0638
     416      50.9921
     417      51.0022
     418      50.3202
     419      50.5621
     420      50.8922
     421      49.4618
     422      49.4084
     423      48.9652
     424      49.8590
     425      50.8006
     426      49.7222
     427      48.5517
     428      49.4129
     429      50.4710
     430      50.7935
     431      50.2726
     432      50.2483
     433      50.1064
     434      49.8556
     435      49.9562
     436      48.4280
     437      48.2489
     438      48.3597
     439      47.8524
     440      48.3999
     441      49.4492
     442      49.8081
     443      49.0377
     444      49.2988
     445      48.5496
     446      47.4933
     447      48.6432
     448      48.7466
     449      48.6090
     450      48.6306
     451      49.5691
     452      50.2301
     453      50.1043
     454      50.2411
     455      49.9285
     456      49.9687
     457      49.7164
     458      49.0738
     459      49.3982
     460      48.9694
     461      48.3128
     462      47.5689
     463      48.6109
     464      50.2496
     465      49.3714
     466      49.3425
     467      47.9555
     468      47.7714
     469      46.7489
     470      47.3754
     471      49.1730
     472      49.0116
     473      47.8658
     474      47.4425
     475      47.7649
     476      46.7168
     477      46.8498
     478      46.5359
     479      46.0868
     480      46.7685
     481      46.6623
     482      46.4349
     483      46.2610
     484      45.3240
     485      47.4355
     486      47.4444
     487      47.8436
     488      47.4601
     489      47.8878
     490      48.9679
     491      48.5460
     492      47.3397
     493      47.2374
     494      48.3391
     495      47.9198
     496      47.6554
     497      48.7502
     498      49.2768
     499      49.1009
     500      49.6837
     501      49.4902
     502      50.2830
     503      49.2695
     504      48.5127
     505      48.6063
     506      49.3051
     507      49.0874
     508      49.0360
     509      49.4106
     510      49.4604
     511      49.1714
     512      49.4215
     513      49.3712
     514      49.1270
     515      49.3565
     516      49.0825
     517      49.0137
     518      48.8137
     519      48.5271
     520      49.5992
     521      49.4229
     522      49.9168
     523      48.9779
     524      49.9565
     525      49.6308
     526      50.4298
     527      49.6849
     528      49.7300
     529      50.0243
     530      49.8374
     531      49.1882
     532      50.1830
     533      49.6914
     534      49.6177
     535      49.6607
     536      50.2259
     537      49.4748
     538      49.8188
     539      50.4146
     540      50.6519
     541      50.6014
     542      50.9341
     543      50.8928
     544      50.2968
     545      49.9787
     546      49.0469
     547      48.1460
     548      48.8138
     549      49.2693
     550      48.0487
     551      49.6269
     552      50.0003
     553      51.0537
     554      51.3266
     555      52.1676
     556      50.5613
     557      51.1584
     558      50.1636
     559      50.7454
     560      49.5083
     561      49.1504
     562      48.6581
     563      48.0198
     564      48.0017
     565      47.5789
     566      48.7295
     567      47.7761
     568      48.8126
     569      48.0686
     570      47.6210
     571      46.5082
     572      47.6588
     573      47.1898
     574      47.7746
     575      47.0422
     576      47.2326
     577      47.1119
     578      46.4707
     579      46.6278
     580      45.4784
     581      45.5068
     582      44.6540
     583      44.7733
     584      45.1540
     585      44.6694
     586      45.3834
     587      45.0095
     588      46.4158
     589      46.3462
     590      46.2221
     591      45.8278
     592      45.4656
     593      44.3467
     594      45.6786
     595      45.8242
     596      45.8868
     597      45.5761
     598      46.4016
     599      46.6794
     600      46.1357
     601      47.5121
     602      47.1530
     603      47.7328
     604      47.4064
     605      47.3864
     606      47.5921
     607      47.9640
     608      48.8844
     609      48.4123
     610      47.3721
     611      46.5760
     612      47.8938
     613      48.1631
     614      48.8927
     615      48.8905
     616      47.5727
     617      48.1045
     618      47.8658
     619      49.5655
     620      48.7642
     621      49.2024
     622      48.5450
     623      47.7869
     624      48.6058
     625      47.7337
     626      48.3074
     627      49.4110
     628      48.6090
     629      49.1069
     630      50.6123
     631      50.9483
     632      50.3925
     633      49.3697
     634      50.2990
     635      49.7700
     636      50.4687
     637      50.2666
     638      50.8358
     639      50.6207
     640      50.7498
     641      49.6603
     642      49.1994
     643      48.6964
     644      48.2922
     645      49.1986
     646      49.5836
     647      49.3189
     648      49.0665
     649      49.8703
     650      49.2224
     651      49.5385
     652      49.1462
     653      48.8387
     654      49.8659
     655      49.9913
     656      49.7377
     657      49.5767
     658      50.0452
     659      49.7330
     660      50.4087
     661      49.5339
     662      49.7523
     663      50.1586
     664      50.8297
     665      50.0168
     666      49.2727
     667      48.7301
     668      48.6933
     669      48.8637
     670      48.6169
     671      47.8591
     672      49.0504
     673      48.9955
     674      50.2339
     675      49.9976
     676      49.5475
     677      49.6420
     678      48.8277
     679      47.9932
     680      47.5049
     681      47.2075
     682      47.4406
     683      47.5922
     684      47.1291
     685      48.5935
     686      47.6928
     687      48.5131
     688      47.8931
     689      48.0229
     690      48.2189
     691      48.8776
     692      48.9587
     693      48.8923
     694      49.6258
     695      48.2140
     696      48.9279
     697      48.6061
     698      48.7496
     699      49.0554
     700      49.6065
     701      50.0671
     702      50.1088
     703      51.8250
     704      51.1061
     705      49.4826
     706      48.9643
     707      49.1604
     708      49.0010
     709      49.3413
     710      49.4028
     711      48.0450
     712      48.7421
     713      49.2497
     714      48.7121
     715      47.0447
     716      48.7943
     717      47.8826
     718      47.9628
     719      47.7786
     720      47.0095
     721      46.7132
     722      47.9349
     723      48.0387
     724      48.1536
     725      47.4141
     726      46.4678
     727      46.4102
     728      46.4221
     729      46.9490
     730      46.5853
     731      46.9513
     732      47.5656
     733      45.4610
     734      45.5022
     735      45.3551
     736      45.2950
     737      44.9160
     738      44.6652
     739      45.4079
     740      46.4242
     741      46.9730
     742      46.3806
     743      46.0787
     744      47.0337
     745      46.8628
     746      45.4275
     747      45.5885
     748      46.0630
     749      45.2275
     750      45.7407
     751      45.8400
     752      45.1441
     753      45.6850
     754      45.2880
     755      44.8679
     756      45.6645
     757      45.5201
     758      46.9966
     759      46.5752
     760      47.3584
     761      47.1198
     762      47.2184
     763      47.6711
     764      47.6276
     765      46.6543
     766      47.9449
     767      48.2448
     768      48.6800
     769      47.9874
     770      48.3679
     771      49.2254
     772      48.7632
     773      48.8389
     774      48.1703
     775      48.9985
     776      49.7927
     777      50.0904
     778      49.3294
     779      48.2217
     780      48.6171
     781      50.2673
     782      50.0323
     783      49.4342
     784      49.9949
     785      50.5633
     786      49.3028
     787      49.2295
     788      50.1634
     789      50.1383
     790      49.4735
     791      49.6129
     792      50.1472
     793      48.9604
     794      49.5469
     795      50.2327
     796      50.3488
     797      50.7121
     798      50.4926
     799      50.9735
     800      51.5150
     801      50.8469
     802      51.2730
     803      51.6250
     804      51.0548
     805      50.1528
     806      50.4507
     807      50.3575
     808      50.0344
     809      50.1404
     810      51.1391
     811      49.9896
     812      50.2331
     813      49.1931
     814      50.0865
     815      50.6793
     816      49.9053
     817      50.4308
     818      50.1843
     819      50.1665
     820      50.0421
     821      49.7529
     822      49.6115
     823      50.0490
     824      49.2213
     825      49.6053
     826      49.5830
     827      49.4247
     828      50.3497
     829      49.3647
     830      49.1270
     831      48.6632
     832      47.2106
     833      46.8963
     834      47.4690
     835      47.9576
     836      47.5804
     837      46.4684
     838      45.8905
     839      46.7916
     840      47.0210
     841      48.5535
     842      48.3190
     843      47.8915
     844      47.0199
     845      47.1873
     846      47.5895
     847      48.4765
     848      48.4616
     849      47.9063
     850      49.0098
     851      48.1995
     852      46.8750
     853      47.9037
     854      47.8953
     855      47.6648
     856      47.8554
     857      47.4445
     858      47.4796
     859      47.0360
     860      48.0962
     861      48.7162
     862      50.4812
     863      51.1382
     864      50.7609
     865      49.8025
     866      50.5889
     867      49.9834
     868      51.1234
     869      50.1528
     870      50.1006
     871      48.6717
     872      49.5982
     873      49.0084
     874      50.0720
     875      49.1613
     876      50.2710
     877      50.6580
     878      49.5683
     879      49.0368
     880      49.3116
     881      49.1188
     882      48.7910
     883      49.9889
     884      50.4672
     885      49.9938
     886      49.9405
     887      49.2943
     888      47.6158
     889      44.9184
     890      47.3400
     891      48.5934
     892      48.0041
     893      48.8319
     894      48.4857
     895      47.5220
     896      48.0821
     897      49.2340
     898      50.1621
     899      49.7232
     900      49.4821
     901      48.0691
     902      47.9623
     903      48.0358
     904      48.4027
     905      48.6436
     906      49.7977
     907      49.8622
     908      51.0905
     909      50.6200
     910      50.5723
     911      50.7727
     912      50.4778
     913      49.6248
     914      49.8821
     915      50.5202
     916      48.3677
     917      47.6942
     918      47.7476
     919      48.3826
     920      48.9022
     921      48.2041
     922      48.0326
     923      47.3258
     924      46.9929
     925      47.8065
     926      47.6337
     927      48.5135
     928      50.1537
     929      50.4436
     930      48.3953
     931      47.7889
     932      48.0394
     933      47.3022
     934      47.7775
     935      47.5930
     936      46.8306
     937      46.8878
       1      54.5206
       2      55.0085
       3      54.3409
       4      55.1947
       5      55.7701
       6      56.4770
       7      55.6104
       8      55.1497
       9      55.0292
      10      54.9291
      11      55.0811
      12      55.5586
      13      54.8644
      14      55.3556
      15      55.8368
      16      55.0576
      17      54.0823
      18      55.4000
      19      56.2290
      20      55.9743
      21      56.9469
      22      56.6692
      23      56.5888
      24      54.9442
      25      55.0386
      26      54.8216
      27      54.1367
      28      53.5616
      29      54.2410
      30      54.4414
      31      55.2195
      32      55.2697
      33      55.1022
      34      55.8854
      35      55.2063
      36      55.4541
      37      55.0832
      38      55.9300
      39      54.6794
      40      55.7179
      41      55.9879
      42      56.2328
      43      57.1272
      44      57.2040
      45      56.9010
      46      56.8800
      47      57.2746
      48      57.7276
      49      57.4925
      50      57.6714
      51      55.8883
      52      55.6379
      53      55.2240
      54      54.7620
      55      54.1331
      56      55.3585
      57      55.7399
      58      54.9359
      59      55.8536
      60      56.0497
      61      56.5355
      62      56.9751
      63      56.1162
      64      55.0656
      65      55.8233
      66      57.2461
      67      55.9223
      68      55.5795
      69      56.7228
      70      56.0240
      71      56.3391
      72      56.4303
      73      57.8332
      74      56.3348
      75      56.0481
      76      57.0594
      77      57.0934
      78      57.4535
      79      56.6187
      80      55.9117
      81      56.2459
      82      55.9563
      83      56.5653
      84      55.6521
      85      55.9140
      86      56.2719
      87      55.5615
      88      55.5255
      89      54.7269
      90      54.4643
      91      54.1338
      92      54.5868
      93      54.9159
      94      55.8050
      95      55.6819
      96      56.0454
      97      56.0338
      98      54.6033
      99      55.1271
     100      54.2676
     101      54.0180
     102      54.2371
     103      54.6796
     104      54.7643
     105      54.1772
     106      53.6398
     107      53.2046
     108      52.6581
     109      53.6154
     110      52.6517
     111      52.4758
     112      52.9577
     113      52.4178
     114      53.1912
     115      52.8225
     116      53.6168
     117      52.6869
     118      52.4797
     119      52.8385
     120      52.4351
     121      52.1588
     122      52.9836
     123      52.2985
     124      53.0548
     125      54.0048
     126      53.0564
     127      52.7838
     128      52.3870
     129      51.6673
     130      51.9041
     131      51.9466
     132      51.4313
     133      51.1642
     134      51.9593
     135      51.2697
     136      52.4061
     137      51.7937
     138      52.3224
     139      52.3616
     140      53.8318
     141      53.0848
     142      53.1318
     143      53.5676
     144      54.2903
     145      55.0565
     146      54.8297
     147      54.4828
     148      54.9244
     149      54.8633
     150      54.9371
     151      54.4669
     152      53.5572
     153      53.7464
     154      54.6392
     155      54.3591
     156      55.4151
     157      55.2660
     158      55.4337
     159      55.0416
     160      56.3284
     161      55.9735
     162      55.3864
     163      55.7477
     164      55.7657
     165      56.5899
     166      57.6621
     167      56.1914
     168      56.6398
     169      56.4264
     170      55.2717
     171      55.4377
     172      54.2415
     173      56.3556
     174      55.4513
     175      55.6539
     176      56.6366
     177      56.5110
     178      56.8578
     179      55.8889
     180      56.1716
     181      57.1358
     182      56.7272
     183      55.0434
     184      56.5396
     185      55.7236
     186      54.8039
     187      55.0996
     188      54.9373
     189      55.2197
     190      54.0372
     191      54.5853
     192      54.7593
     193      53.4816
     194      52.8990
     195      53.3299
     196      52.6787
     197      52.4266
     198      52.9748
     199      53.2232
     200      53.7918
     201      52.0397
     202      51.8533
     203      53.2898
     204      53.2490
     205      52.6063
     206      53.1934
     207      53.1156
     208      53.1974
     209      53.9906
     210      53.7302
     211      53.7334
     212      53.3767
     213      54.0519
     214      54.6167
     215      56.0213
     216      55.6225
     217      55.1765
     218      55.4874
     219      55.3868
     220      56.0514
     221      55.2614
     222      55.2243
     223      56.7559
     224      56.6483
     225      55.2581
     226      55.6905
     227      55.8679
     228      54.7221
     229      55.2501
     230      56.0073
     231      57.0809
     232      55.7004
     233      55.5419
     234      56.5768
     235      56.0335
     236      55.8108
     237      56.2408
     238      54.9575
     239      55.5879
     240      55.3251
     241      56.5848
     242      56.5990
     243      57.2159
     244      56.1475
     245      55.4586
     246      54.6012
     247      55.4736
     248      54.3159
     249      54.7425
     250      54.9397
     251      54.8945
     252      56.2930
     253      56.5111
     254      57.2161
     255      56.2856
     256      56.0458
     257      56.7035
     258      56.2887
     259      56.1749
     260      55.5479
     261      54.9219
     262      53.7530
     263      54.0177
     264      53.7058
     265      53.6338
     266      53.4123
     267      52.8347
     268      53.8005
     269      54.9197
     270      54.0914
     271      54.5044
     272      53.3617
     273      53.2347
     274      52.2231
     275      53.4957
     276      53.4373
     277      54.4108
     278      54.0555
     279      53.9080
     280      54.8634
     281      54.6338
     282      55.5475
     283      55.1843
     284      54.6901
     285      54.4817
     286      53.9548
     287      53.1739
     288      51.3246
     289      50.9054
     290      51.7267
     291      51.3205
     292      51.2140
     293      50.1433
     294      51.0342
     295      49.6755
     296      51.1639
     297      51.9453
     298      51.9800
     299      51.2405
     300      50.7480
     301      50.6146
     302      52.0165
     303      52.5362
     304      52.0958
     305      52.6822
     306      52.1002
     307      52.2331
     308      52.6470
     309      52.2431
     310      51.9373
     311      51.8615
     312      51.8720
     313      52.9344
     314      53.0017
     315      53.3399
     316      52.4969
     317      53.5467
     318      53.7534
     319      53.4795
     320      52.8543
     321      53.9119
     322      52.6766
     323      51.2866
     324      52.6667
     325      52.2887
     326      51.9792
     327      53.0448
     328      53.0794
     329      53.1635
     330      53.4019
     331      52.5941
     332      53.1250
     333      52.9940
     334      54.6898
     335      54.2478
     336      54.0947
     337      53.5637
     338      53.9422
     339      53.5841
     340      51.7989
     341      51.7496
     342      51.1217
     343      51.0893
     344      51.1386
     345      50.9074
     346      51.0959
     347      51.5396
     348      51.3871
     349      51.3066
     350      50.9174
     351      51.5438
     352      52.5790
     353      51.8404
     354      53.0490
     355      52.3945
     356      52.4075
     357      52.6101
     358      52.8197
     359      53.0116
     360      53.0098
     361      52.7263
     362      52.1633
     363      51.6205
     364      51.7012
     365      50.8597
     366      50.9043
     367      51.8896
     368      52.3030
     369      52.3431
     370      52.2111
     371      51.5402
     372      51.7977
     373      51.5064
     374      52.6119
     375      53.0442
     376      53.6090
     377      53.6835
     378      52.9344
     379      51.6031
     380      51.3945
     381      50.6079
     382      50.2057
     383      49.8583
     384      49.7552
     385      49.7250
     386      48.9766
     387      49.4637
     388      49.0818
     389      48.5042
     390      48.2483
     391      48.3245
     392      48.5424
     393      48.0580
     394      48.3502
     395      47.7798
     396      47.7719
     397      48.5407
     398      48.5066
     399      48.3200
     400      47.8261
     401      47.6325
     402      47.0703
     403      47.6791
     404      47.9054
     405      48.3470
     406      47.4976
     407      46.8130
     408      47.2046
     409      48.1197
     410      47.9574
     411      48.0391
     412      47.1055
     413      47.0656
     414      47.4434
     415      47.6499
     416      47.7084
     417      47.0704
     418      46.2067
     419      46.6855
     420      46.3056
     421      47.6675
     422      46.6659
     423      47.3749
     424      47.1258
     425      48.0457
     426      47.7734
     427      47.2809
     428      48.1462
     429      48.5962
     430      48.3944
     431      48.5029
     432      49.0594
     433      49.6573
     434      51.0025
     435      49.6668
     436      50.2946
     437      49.2459
     438      49.1937
     439      49.6303
     440      49.6943
     441      49.0599
     442      50.0548
     443      50.2976
     444      50.6516
     445      51.1278
     446      50.2290
     447      48.6517
     448      48.4968
     449      48.1006
     450      48.1293
     451      47.2069
     452      47.1669
     453      46.2750
     454      46.4094
     455      47.0982
     456      48.4480
     457      47.5800
     458      48.6438
     459      48.1729
     460      48.6318
     461      48.8535
     462      48.3220
     463      47.7174
     464      47.7536
     465      47.8628
     466      48.0363
     467      47.8834
     468      47.2838
     469      47.4193
     470      46.5378
     471      46.7909
     472      46.0401
     473      46.5540
     474      45.5676
     475      46.4024
     476      46.4418
     477      45.6335
     478      46.1591
     479      45.6117
     480      46.7211
     481      47.4071
     482      47.2236
     483      47.9768
     484      47.5228
     485      48.3161
     486      47.4123
     487      47.0199
     488      47.8121
     489      47.8195
     490      48.1572
     491      47.9147
     492      45.8553
     493      46.0015
     494      46.5243
     495      47.4506
     496      47.6199
     497      46.8907
     498      47.4181
     499      46.8971
     500      46.2319
     501      45.6762
     502      44.5799
     503      44.7866
     504      44.4869
     505      45.3412
     506      44.3228
     507      44.2251
     508      43.9065
     509      45.2823
     510      45.2509
     511      45.7182
     512      46.2367
     513      45.3368
     514      46.3323
     515      45.6288
     516      46.2587
     517      45.8618
     518      44.5360
     519      45.9791
     520      45.4994
     521      44.5135
     522      44.6873
     523      44.8873
     524      45.0569
     525      44.3646
     526      45.4863
     527      46.8807
     528      45.1889
     529      46.0510
     530      45.9983
     531      46.1412
     532      45.2585
     533      44.9591
     534      45.0623
     535      45.3528
     536      45.5431
     537      45.5225
     538      46.1626
     539      45.6283
     540      46.4714
     541      47.0950
     542      45.7086
     543      45.0926
     544      45.1056
     545      46.7974
     546      47.4249
     547      47.7388
     548      47.4172
     549      46.4342
     550      46.8859
     551      47.6201
     552      47.7357
     553      48.2563
     554      47.9956
     555      49.1637
     556      49.4825
     557      49.1591
     558      50.0573
     559      48.7221
     560      49.4294
     561      50.1771
     562      50.4603
     563      49.7655
     564      50.1611
     565      50.3475
     566      50.4938
     567      50.7637
     568      49.7581
     569      50.2924
     570      50.0580
     571      49.6983
     572      49.2095
     573      49.4538
     574      49.5229
     575      49.7005
     576      49.9425
     577      50.3304
     578      50.0698
     579      51.3781
     580      51.7049
     581      52.4203
     582      53.3171
     583      53.7284
     584      53.1838
     585      53.4299
     586      53.2123
     587      52.5311
     588      53.3153
     589      51.5332
     590      51.5172
     591      50.7747
     592      50.0459
     593      51.6868
     594      50.5285
     595      49.0905
     596      50.0570
     597      49.1688
     598      49.3899
     599      50.6361
     600      50.9901
     601      49.9226
     602      50.4327
     603      50.7161
     604      50.1439
     605      49.8796
     606      50.2803
     607      48.7549
     608      49.2215
     609      49.9968
     610      48.5859
     611      47.3964
     612      46.2650
     613      46.7647
     614      47.0636
     615      46.4285
     616      45.9228
     617      46.3717
     618      47.0145
     619      45.6460
     620      47.0168
     621      44.5415
     622      45.7892
     623      44.8556
     624      44.7435
     625      46.4971
     626      45.9588
     627      44.6628
     628      44.8349
     629      44.7204
     630      44.4973
     631      44.1182
     632      43.5475
     633      43.2561
     634      43.9357
     635      44.0351
     636      44.7286
     637      45.4385
     638      44.2142
     639      44.7867
     640      45.9616
     641      46.3702
     642      46.5370
     643      45.7390
     644      45.2608
     645      45.3565
     646      45.4590
     647      45.2798
     648      46.5226
     649      47.2834
     650      46.6532
     651      46.8342
     652      46.2379
     653      46.1957
     654      47.4670
     655      46.5806
     656      46.5127
     657      46.7967
     658      46.8450
     659      46.3583
     660      47.0504
     661      47.6611
     662      47.6021
     663      47.7920
     664      47.7214
     665      48.5122
     666      48.7984
     667      49.1005
     668      48.8689
     669      47.6437
     670      47.4549
     671      48.1532
     672      47.9564
     673      48.5666
     674      48.8976
     675      48.2123
     676      48.6138
     677      47.4647
     678      48.1549
     679      49.6053
     680      49.1881
     681      49.8945
     682      49.8583
     683      48.8768
     684      50.3708
     685      51.2183
     686      48.9693
     687      48.5737
     688      47.1457
     689      48.2035
     690      47.8866
     691      48.6352
     692      47.7956
     693      48.0404
     694      49.2560
     695      47.7634
     696      47.2505
     697      47.1928
     698      48.0651
     699      49.1941
     700      47.6864
     701      47.0349
     702      46.8123
     703      47.9409
     704      47.9773
     705      48.6942
     706      48.7470
     707      48.6132
     708      47.8442
     709      48.4393
     710      49.0813
     711      49.4656
     712      49.3804
     713      49.4126
     714      48.3388
     715      49.1556
     716      49.6262
     717      49.3306
     718      50.6544
     719      49.5018
     720      49.6602
     721      48.9550
     722      47.8510
     723      48.3607
     724      47.9253
     725      47.7945
     726      48.0899
     727      48.0133
     728      48.1626
     729      47.7387
     730      49.0805
     731      49.0346
     732      48.2123
     733      48.5080
     734      48.1098
     735      48.4690
     736      47.4788
     737      48.2833
     738      47.6302
     739      47.6940
     740      46.4029
     741      47.8372
     742      47.5650
     743      47.1122
     744      46.6679
     745      47.3220
     746      47.1513
     747      48.1061
     748      48.1115
     749      48.8460
     750      48.7181
     751      48.6868
     752      49.2018
     753      47.4895
     754      47.3246
     755      47.0296
     756      47.2716
     757      47.8039
     758      47.5592
     759      47.8937
     760      47.6315
     761      47.7101
     762      47.7772
     763      47.4171
     764      46.7732
     765      47.0960
     766      48.5724
     767      48.2800
     768      47.9492
     769      47.0062
     770      46.8270
     771      46.2672
     772      46.2072
     773      45.7636
     774      46.1492
     775      46.0785
     776      45.1323
     777      45.5823
     778      45.6858
     779      45.8309
     780      45.2772
     781      46.3405
     782      46.2627
     783      46.0003
     784      45.4943
     785      46.0454
     786      45.8228
     787      46.0632
     788      46.0011
     789      46.5456
     790      47.1688
     791      45.6393
     792      45.0975
     793      45.5915
     794      46.6499
     795      47.5342
     796      46.5927
     797      47.2900
     798      47.2824
     799      46.7096
     800      47.0405
     801      47.4280
     802      46.9547
     803      46.0335
     804      46.8281
     805      46.3159
     806      44.8468
     807      43.3477
     808      43.3610
     809      44.6493
     810      44.1981
     811      45.0096
     812      43.6612
     813      44.2560
     814      44.4673
     815      43.9999
     816      43.6921
     817      44.8274
     818      44.2074
     819      44.2672
     820      44.8417
     821      45.2338
     822      44.4070
     823      43.5747
     824      44.2964
     825      45.0053
     826      46.0805
     827      45.8989
     828      44.9433
     829      44.5941
     830      44.3839
     831      44.2395
     832      43.2234
     833      43.1167
     834      43.8256
     835      44.7018
     836      44.5119
     837      44.9424
     838      45.5301
     839      45.5212
     840      45.6730
     841      45.3547
     842      44.6502
     843      44.9409
     844      44.6175
     845      44.1362
     846      44.9807
     847      45.4339
     848      45.2135
     849      45.2926
     850      44.7291
     851      44.2831
     852      43.5219
     853      44.2206
     854      44.0808
     855      43.6789
     856      44.6081
     857      45.1846
     858      45.8197
     859      45.0078
     860      44.5868
     861      45.5450
     862      45.1581
     863      45.5429
     864      45.5602
     865      44.6499
     866      44.8347
     867      45.8174
     868      44.5578
     869      45.1529
     870      44.6184
     871      44.8921
     872      45.4871
     873      46.6879
     874      45.1065
     875      45.6725
     876      45.0359
     877      44.6572
     878      43.2020
     879      43.0610
     880      43.9029
     881      44.7320
     882      45.4964
     883      45.4295
     884      44.3536
     885      44.6444
     886      45.5474
     887      44.2157
     888      45.3520
     889      44.1794
     890      44.5932
     891      44.5738
     892      44.4886
     893      44.3727
     894      44.4649
     895      45.9329
     896      45.5475
     897      44.9726
     898      44.6701
     899      44.6500
     900      41.8475
     901      42.5225
     902      41.8625
     903      42.1072
     904      41.3998
     905      41.7142
     906      42.1834
     907      41.6894
     908      41.3570
     909      42.2201
     910      42.2889
     911      42.3873
     912      43.7936
     913      44.6868
     914      44.7020
     915      44.5896
     916      44.6400
     917      44.9281
     918      45.2347
     919      45.3085
     920      45.4948
     921      46.8914
     922      47.8345
     923      48.4149
     924      48.4926
     925      47.7127
     926      46.9777
     927      46.9675
     928      47.7186
     929      47.1614
     930      46.6328
     931      46.9165
     932      45.4839
     933      46.2227
     934      45.5909
     935      45.0124
     936      44.6130
     937      45.4841
     938      46.2553
     939      46.3450
     940      45.3560
     941      45.8944
     942      45.9910
     943      45.2498
     944      44.5814
     945      45.8205
     946      46.0545
     947      45.4302
     948      46.3973
     949      46.1862
     950      47.3694
     951      48.3475
     952      47.7185
     953      47.4737
     954      47.2242
     955      46.1971
     956      46.6508
     957      46.8072
     958      45.1555
     959      45.9868
     960      47.1990
     961      47.0171
     962      46.8219
     963      47.3877
     964      47.1139
     965      47.3941
     966      48.0236
     967      47.3826
     968      47.4111
     969      46.5240
     970      46.3285
     971      44.4844
     972      42.9335
     973      43.5635
     974      44.2063
     975      44.4913
     976      44.2678
     977      43.8190
     978      43.8138
     979      43.3096
     980      44.2933
     981      44.3624
     982      43.3765
     983      44.7592
     984      44.6556
     985      45.1320
     986      45.4858
     987      46.4704
     988      46.8463
     989      45.2365
     990      45.9952
     991      45.6433
     992      45.0477
     993      44.6550
     994      44.3804
     995      44.1251
     996      44.7909
     997      44.5591
     998      44.5697
     999      44.4684
    1000      44.2312
       1      55.8446
       2      56.5073
       3      55.4721
       4      55.8668
       5      55.4092
       6      56.3674
       7      55.7409
       8      56.1090
       9      55.7193
      10      55.5143
      11      56.1542
      12      56.1613
      13      55.5745
      14      56.6548
      15      55.9792
      16      55.2905
      17      55.4721
      18      55.6409
      19      55.7530
      20      56.0768
      21      56.1561
      22      54.7525
      23      54.5688
      24      55.0362
      25      54.4864
      26      55.7501
      27      55.6559
      28      55.4859
      29      55.5572
      30      54.5497
      31      54.4497
      32      54.3624
      33      54.0653
      34      54.8388
      35      55.4802
      36      54.9478
      37      55.0612
      38      55.0838
      39      55.0476
      40      56.1807
      41      56.2839
      42      56.5550
      43      56.8269
      44      55.8674
      45      56.2326
      46      56.0232
      47      56.7599
      48      57.3621
      49      58.4578
      50      57.9085
      51      57.3483
      52      57.7666
      53      57.4812
      54      58.3746
      55      57.5561
      56      56.8545
      57      58.0183
      58      59.1446
      59      58.0061
      60      57.1188
      61      58.0006
      62      58.7803
      63      58.2994
      64      58.0046
      65      58.8241
      66      58.3305
      67      58.1384
      68      58.5194
      69      58.1137
      70      58.8681
      71      58.2449
      72      58.7704
      73      56.7739
      74      56.9938
      75      57.1463
      76      57.0958
      77      56.9565
      78      57.5438
      79      56.4285
      80      56.9350
      81      56.4754
      82      56.6112
      83      55.9727
      84      56.2411
      85      55.7396
      86      56.8517
      87      56.3796
      88      56.1824
      89      56.2281
      90      56.7545
      91      57.2675
      92      57.7474
      93      56.7789
      94      54.7820
      95      56.0596
      96      57.2062
      97      58.0642
      98      57.1918
      99      56.6994
     100      57.6406
     101      57.5858
     102      57.2416
     103      57.3278
     104      58.0739
     105      57.1785
     106      57.1690
     107      55.8755
     108      56.9406
     109      57.4873
     110      57.7546
     111      57.3908
     112      57.3520
     113      57.2440
     114      59.2384
     115      59.1308
     116      58.6136
     117      57.9297
     118      58.1177
     119      57.4051
     120      57.2495
     121      57.2354
     122      58.0643
     123      57.1496
     124      57.6535
     125      57.8026
     126      58.0471
     127      58.6981
     128      58.4932
     129      59.0621
     130      59.4772
     131      58.8868
     132      60.0436
     133      60.6331
     134      59.4610
     135      59.3087
     136      59.8035
     137      60.9215
     138      60.6110
     139      60.2901
     140      60.3995
     141      59.7490
     142      60.0347
     143      59.2905
     144      59.3937
     145      57.0128
     146      59.2217
     147      58.7776
     148      59.4694
     149      58.8575
     150      60.5704
     151      58.9547
     152      59.7271
     153      59.1769
     154      59.1370
     155      57.8048
     156      57.9291
     157      57.3281
     158      57.6766
     159      57.3273
     160      57.1132
     161      58.2726
     162      57.4445
     163      58.2221
     164      57.2274
     165      56.7342
     166      56.9979
     167      57.1803
     168      57.5195
     169      57.4734
     170      57.8195
     171      57.7047
     172      58.1670
     173      60.2883
     174      60.6046
     175      58.9999
     176      59.0593
     177      59.2550
     178      59.6801
     179      59.4531
     180      58.6358
     181      59.4936
     182      60.1384
     183      59.9170
     184      60.8806
     185      61.2929
     186      60.9171
     187      61.4021
     188      61.4827
     189      60.9089
     190      60.1460
     191      59.8302
     192      58.6430
     193      58.9976
     194      58.6132
     195      58.3887
     196      58.0485
     197      58.6267
     198      58.6518
     199      57.2997
     200      58.6192
     201      59.2638
     202      58.7055
     203      56.4793
     204      58.2335
     205      57.9379
     206      59.2303
     207      59.1058
     208      58.9397
     209      58.5915
     210      58.7230
     211      58.5184
     212      58.9671
     213      57.4612
     214      57.8624
     215      58.6206
     216      59.0349
     217      58.8739
     218      57.7939
     219      58.5914
     220      58.4600
     221      58.1891
     222      59.1039
     223      58.8064
     224      58.5600
     225      59.4091
     226      59.1897
     227      58.0947
     228      58.3210
     229      59.2598
     230      59.1397
     231      59.4218
     232      59.8331
     233      58.6626
     234      58.5871
     235      57.4353
     236      57.8711
     237      58.6756
     238      58.4702
     239      57.4454
     240      57.9312
     241      59.0763
     242      58.5547
     243      59.1971
     244      58.2842
     245      58.9213
     246      58.5718
     247      58.0778
     248      57.7784
     249      58.1428
     250      57.1843
     251      58.0298
     252      57.1672
     253      57.2942
     254      56.3952
     255      56.6903
     256      56.3569
     257      57.3273
     258      57.6083
     259      57.6823
     260      55.9943
     261      56.0773
     262      56.9808
     263      57.6967
     264      55.7536
     265      56.0492
     266      56.6434
     267      56.5180
     268      56.1942
     269      56.8930
     270      56.4979
     271      56.2434
     272      56.0449
     273      55.7189
     274      56.4988
     275      56.7703
     276      57.2103
     277      57.7045
     278      57.0080
     279      55.9870
     280      55.6938
     281      55.9695
     282      56.1165
     283      55.2888
     284      56.6718
     285      55.8580
     286      56.7425
     287      56.5036
     288      55.9933
     289      54.5659
     290      53.6571
     291      53.7797
     292      54.8761
     293      53.6479
     294      54.4265
     295      54.6940
     296      55.4775
     297      55.3270
     298      55.0492
     299      55.5697
     300      55.1206
     301      55.5405
     302      56.0458
     303      56.1432
     304      55.8357
     305      55.6126
     306      56.6374
     307      56.5687
     308      55.6930
     309      54.2951
     310      54.0432
     311      52.9163
     312      54.2937
     313      54.7738
     314      56.0639
     315      56.1380
     316      56.1559
     317      56.0006
     318      54.6660
     319      53.7385
     320      54.1988
     321      55.6755
     322      55.7469
     323      55.4346
     324      55.8520
     325      55.4174
     326      54.1813
     327      54.5991
     328      54.9278
     329      54.2251
     330      55.3176
     331      56.4627
     332      55.6299
     333      55.6963
     334      55.1740
     335      55.3030
     336      54.6462
     337      54.9666
     338      54.2721
     339      54.7751
     340      54.8367
     341      54.9995
     342      56.1520
     343      55.0581
     344      53.7843
     345      53.9012
     346      54.0116
     347      53.4256
     348      53.9716
     349      54.9227
     350      55.1957
     351      55.3365
     352      56.2121
     353      55.9213
     354      56.4583
     355      54.8722
     356      56.1436
     357      57.0899
     358      56.6200
