#Frame          ANdis
       1      58.1418
       2      57.7422
       3      56.9356
       4      57.6471
       5      56.3738
       6      55.4423
       7      57.4614
       8      55.9756
       9      56.6086
      10      57.2996
      11      57.4761
      12      57.5871
      13      56.7442
      14      56.9045
      15      56.7714
      16      56.9617
      17      57.0875
      18      55.2431
      19      54.9559
      20      54.9058
      21      54.8103
      22      56.0571
      23      57.0720
      24      56.4845
      25      56.3427
      26      56.2954
      27      55.1146
      28      55.8890
      29      54.7692
      30      54.4903
      31      54.5558
      32      54.5001
      33      54.4914
      34      54.9497
      35      55.1361
      36      54.9552
      37      54.2375
      38      53.9988
      39      54.4081
      40      53.2602
      41      53.1662
      42      53.7067
      43      53.7456
      44      53.2205
      45      53.9999
      46      54.6627
      47      55.5003
      48      55.4334
      49      55.1966
      50      54.6561
      51      54.9764
      52      54.9098
      53      54.6136
      54      54.3989
      55      54.9751
      56      53.6114
      57      53.6200
      58      53.6766
      59      53.5399
      60      54.0511
      61      54.5638
      62      55.2550
      63      55.8275
      64      55.6964
      65      55.1105
      66      54.9331
      67      53.9780
      68      53.4150
      69      53.4045
      70      53.2301
      71      53.8927
      72      54.5929
      73      55.1592
      74      55.0106
      75      54.4810
      76      55.0176
      77      54.6141
      78      54.5425
      79      55.5361
      80      55.1190
      81      54.2855
      82      54.9825
      83      55.1811
      84      55.1597
      85      57.2284
      86      56.6287
      87      56.7883
      88      56.0300
      89      55.0615
      90      56.3797
      91      57.0783
      92      56.3245
      93      55.3674
      94      56.4253
      95      56.6657
      96      55.2448
      97      55.6702
      98      54.3576
      99      54.5876
     100      55.6598
     101      55.1475
     102      55.4988
     103      55.5909
     104      55.2949
     105      54.7995
     106      54.4293
     107      55.7080
     108      56.1974
     109      56.1093
     110      56.6554
     111      55.2341
     112      55.4635
     113      55.5592
     114      55.6329
     115      55.9246
     116      56.3428
     117      56.4004
     118      56.7020
     119      57.2316
     120      57.6904
     121      57.3098
     122      56.8956
     123      58.2020
     124      56.6814
     125      56.4115
     126      57.1688
     127      57.8870
     128      57.4043
     129      58.3303
     130      58.0251
     131      57.8200
     132      58.3190
     133      58.2901
     134      58.6039
     135      56.6217
     136      58.0655
     137      56.7242
     138      57.5122
     139      58.1068
     140      58.2400
     141      58.1664
     142      57.8447
     143      57.5152
     144      55.7820
     145      55.6139
     146      56.1495
     147      56.9697
     148      56.5123
     149      56.0120
     150      54.7131
     151      54.3434
     152      55.3588
     153      55.1246
     154      56.5871
     155      55.9922
     156      56.5799
     157      56.2682
     158      56.8820
     159      58.1037
     160      57.0076
     161      57.1829
     162      57.7835
     163      58.2764
     164      57.9498
     165      58.6402
     166      58.3014
     167      58.8524
     168      58.0146
     169      56.8621
     170      56.3683
     171      57.0055
     172      56.3295
     173      56.6441
     174      56.3993
     175      57.2284
     176      56.3217
     177      56.6783
     178      56.7734
     179      55.7400
     180      56.0550
     181      56.8498
     182      57.5890
     183      58.1162
     184      56.8766
     185      55.1749
     186      56.0300
     187      56.6857
     188      56.5547
     189      57.5509
     190      57.4326
     191      57.4691
     192      58.6817
     193      58.1517
     194      58.7441
     195      58.7054
     196      58.7274
     197      58.9397
     198      58.3250
     199      57.9434
     200      58.0198
     201      57.6825
     202      57.8613
     203      57.4955
     204      57.8166
     205      57.7776
     206      56.9015
     207      55.5479
     208      55.7665
     209      56.7016
     210      56.7668
     211      56.7991
     212      56.4133
     213      56.9403
     214      57.2064
     215      56.4980
     216      57.0742
     217      57.1929
     218      56.0489
     219      56.8829
     220      55.9671
     221      56.1722
     222      56.4882
     223      57.3880
     224      57.1048
     225      57.2017
     226      57.8250
     227      58.8842
     228      59.2619
     229      58.8593
     230      58.4547
     231      59.2698
     232      58.0272
     233      59.5441
     234      58.9370
     235      59.2462
     236      58.2902
     237      57.6040
     238      56.6046
     239      57.1126
     240      56.6899
     241      56.0661
     242      56.7173
     243      56.7230
     244      56.2396
     245      56.4273
     246      56.6609
     247      56.9611
     248      57.3256
     249      57.6264
     250      58.1104
     251      57.5339
     252      57.4352
     253      57.5865
     254      57.8120
     255      57.7644
     256      58.0360
     257      58.8156
     258      58.8527
     259      58.1143
     260      57.1789
     261      57.7686
     262      58.0995
     263      58.4749
     264      58.5665
     265      57.4854
     266      56.3160
     267      56.3229
     268      56.4916
     269      56.5593
     270      56.3345
     271      56.7822
     272      57.6490
     273      57.6128
     274      58.0772
     275      58.0498
     276      57.5206
     277      57.4142
     278      56.0325
     279      56.8516
     280      56.0159
     281      56.7210
     282      55.0981
     283      55.7235
     284      57.3511
     285      56.5889
     286      56.0448
     287      55.9899
     288      56.3754
     289      54.8897
     290      55.5831
     291      56.2006
     292      56.8488
     293      55.8683
     294      56.4495
     295      57.5616
     296      58.3401
     297      55.7279
     298      56.3107
     299      56.2131
     300      55.7116
     301      56.7550
     302      56.8548
     303      56.5401
     304      58.2451
     305      57.7994
     306      57.1590
     307      56.9369
     308      56.0034
     309      55.8075
     310      55.2045
     311      55.4687
     312      55.4162
     313      55.9233
     314      55.4484
     315      55.0115
     316      55.2710
     317      55.5939
     318      55.0427
     319      53.7943
     320      55.2875
     321      54.5148
     322      55.1189
     323      55.0385
     324      54.3736
     325      55.4236
     326      54.7219
     327      55.9733
     328      55.9349
     329      56.9577
     330      56.2388
     331      55.9178
     332      55.9741
     333      54.1641
     334      54.3946
     335      55.7950
     336      54.4712
     337      54.8302
     338      55.8047
     339      55.7503
     340      56.7564
     341      56.6621
     342      55.8500
     343      55.7819
     344      56.4985
     345      56.2059
     346      56.4785
     347      56.9731
     348      55.9282
     349      56.0853
     350      55.8605
     351      56.2758
     352      56.1057
     353      56.7718
     354      56.8852
     355      56.0488
     356      56.4618
     357      56.7149
     358      56.2907
     359      55.7437
     360      55.6017
     361      54.7709
     362      55.3128
     363      55.6591
     364      54.9191
     365      56.0913
     366      57.0979
     367      56.8145
     368      56.1275
     369      54.5880
     370      54.1375
     371      54.6702
     372      53.8519
     373      55.4169
     374      54.7365
     375      54.9557
     376      54.7337
     377      55.2919
     378      56.0250
     379      55.7125
     380      54.0693
     381      55.3636
     382      55.0824
     383      54.3168
     384      54.2659
     385      53.5614
     386      54.3236
     387      54.6322
     388      54.3550
     389      55.7247
     390      55.3323
     391      54.6642
     392      54.8246
     393      54.7922
     394      54.2450
     395      53.7166
     396      54.3875
     397      53.7405
     398      54.6255
     399      54.6690
     400      54.1698
     401      53.6758
     402      52.7961
     403      53.3739
     404      54.7363
     405      55.3016
     406      54.9525
     407      54.6059
     408      53.4961
     409      53.9746
     410      55.3463
     411      55.4490
     412      55.3979
     413      55.3169
     414      54.4872
     415      53.8060
     416      54.7426
     417      53.4613
     418      53.6175
     419      52.9437
     420      53.5096
     421      54.9018
     422      55.1360
     423      54.8133
     424      55.2403
     425      54.1689
     426      54.3845
     427      54.9823
     428      55.1959
     429      54.6896
     430      54.4682
     431      54.6128
     432      55.2469
     433      54.7750
     434      54.6282
     435      55.2605
     436      54.7435
     437      54.0145
     438      54.0573
     439      54.6897
     440      56.0558
     441      55.6232
     442      54.3543
     443      54.6070
     444      54.6606
     445      54.3963
     446      54.8277
     447      55.6235
     448      55.4219
     449      56.0740
     450      55.1508
     451      55.7573
     452      54.9818
     453      55.4383
     454      55.8404
     455      56.5317
     456      55.8196
     457      55.9029
     458      56.7968
     459      57.3141
     460      57.3918
     461      57.7047
     462      57.0822
     463      57.4993
     464      56.2922
     465      55.8647
     466      55.5653
     467      55.3044
     468      54.8048
     469      55.3299
     470      56.2708
     471      54.7111
     472      56.8377
     473      56.1429
     474      55.4624
     475      55.3278
     476      55.5241
     477      56.2440
     478      56.2985
     479      55.8356
     480      56.9835
     481      56.3572
     482      56.4282
     483      56.3029
     484      54.7451
     485      55.4343
     486      55.2668
     487      53.8492
     488      54.8636
