#Frame          ANdis
       1      57.5421
       2      57.2768
       3      57.6358
       4      57.5541
       5      56.8089
       6      58.4027
       7      58.3396
       8      58.2422
       9      57.8336
      10      58.1762
      11      57.1454
      12      57.5288
      13      56.5674
      14      56.7965
      15      57.1182
      16      57.4739
      17      57.5737
      18      56.6454
      19      56.5693
      20      55.6769
      21      56.4708
      22      56.7477
      23      57.5219
      24      57.3804
      25      58.5615
      26      58.0936
      27      56.6048
      28      56.7216
      29      56.9846
      30      56.5828
      31      55.9136
      32      56.6893
      33      57.4713
      34      57.2610
      35      57.1862
      36      56.2817
      37      56.8638
      38      57.8836
      39      57.5226
      40      57.2117
      41      55.8018
      42      56.8956
      43      57.4344
      44      56.0257
      45      56.6432
      46      56.3985
      47      54.1077
      48      55.2751
      49      56.4466
      50      55.5327
      51      57.3305
      52      56.2656
      53      56.4037
      54      56.4773
      55      56.0237
      56      55.2931
      57      54.5686
      58      53.8562
      59      53.2779
      60      52.5280
      61      51.5701
      62      52.2429
      63      51.6931
      64      52.5761
      65      50.7194
      66      51.1763
      67      50.5256
      68      51.9200
      69      51.6977
      70      52.0027
      71      52.9815
      72      53.4731
      73      52.7911
      74      54.3141
      75      52.8206
      76      53.8609
      77      53.7606
      78      53.7273
      79      54.3105
      80      54.3773
      81      54.2179
      82      54.9948
      83      55.2839
      84      54.9789
      85      54.7818
      86      54.5535
      87      54.3442
      88      55.1769
      89      55.2729
      90      54.9834
      91      55.0360
      92      53.4000
      93      54.0036
      94      53.6922
      95      53.9999
      96      55.5748
      97      55.6574
      98      55.6715
      99      56.5512
     100      56.3993
     101      55.7155
     102      56.0467
     103      56.3006
     104      56.1304
     105      56.6753
     106      57.2761
     107      56.7795
     108      55.0819
     109      54.9627
     110      54.7328
     111      54.8975
     112      55.1741
     113      54.9206
     114      55.4898
     115      56.1299
     116      55.3103
     117      55.8644
     118      55.8163
     119      56.0212
     120      55.9759
     121      55.1426
     122      56.0317
     123      57.1799
     124      56.3165
     125      56.2327
     126      56.8744
     127      56.8375
     128      56.4089
     129      57.1727
     130      56.0251
     131      56.1847
     132      56.2039
     133      56.0294
     134      55.5014
     135      56.1617
     136      56.5619
     137      55.3314
     138      55.2766
     139      55.9781
     140      54.7509
     141      54.4728
     142      54.4376
     143      54.9041
     144      55.1145
     145      54.1553
     146      53.4071
     147      53.5310
     148      54.6058
     149      54.0299
     150      53.5835
     151      53.3217
     152      53.5475
     153      53.6307
     154      54.8420
     155      55.3330
     156      55.3101
     157      54.9874
     158      53.7967
     159      55.4182
     160      54.2940
     161      55.5064
     162      55.7299
     163      55.7909
     164      55.0615
     165      56.2957
     166      55.4478
     167      56.4707
     168      57.0436
     169      56.1522
     170      56.3966
     171      56.3136
     172      55.8380
     173      54.9786
     174      54.0915
     175      54.4883
     176      54.2985
     177      54.5784
     178      55.4574
     179      56.6413
     180      56.2938
     181      56.0431
     182      56.3379
     183      55.7088
     184      55.6246
     185      55.5231
     186      54.7931
     187      54.3231
     188      55.0369
     189      54.6146
     190      55.6240
     191      55.3033
     192      56.5323
     193      56.5756
     194      56.5179
     195      55.8649
     196      55.5471
     197      55.3685
     198      53.8729
     199      54.5623
     200      54.1815
     201      54.9378
     202      54.1040
     203      53.9597
     204      53.2247
     205      52.8004
     206      53.4927
     207      53.2169
     208      52.5206
     209      53.7323
     210      54.4030
     211      54.4800
     212      54.4585
     213      54.7119
     214      55.0645
     215      55.3189
     216      56.6793
     217      55.9640
     218      55.5338
     219      55.2151
     220      55.2099
     221      55.8588
     222      55.6367
     223      57.2035
     224      56.9404
     225      56.2971
     226      56.6748
     227      56.3881
     228      56.3144
     229      55.6026
     230      55.7889
     231      55.4975
     232      55.6992
     233      55.4921
     234      55.3201
     235      56.3625
     236      56.0439
     237      56.4106
     238      55.7584
     239      55.2031
     240      54.1004
     241      54.3623
     242      55.5559
     243      56.1677
     244      56.5251
     245      56.5174
     246      55.8534
     247      56.4601
     248      55.9857
     249      55.9747
     250      56.5797
     251      55.2951
     252      55.8953
     253      56.9230
     254      56.4029
     255      56.7350
     256      56.9015
     257      56.8316
     258      56.4614
     259      57.3980
     260      56.7398
     261      55.8487
     262      56.6709
     263      55.5655
     264      56.1480
     265      56.0743
     266      56.8722
     267      56.0998
     268      56.9108
     269      57.1868
     270      55.5623
     271      56.4770
     272      56.4387
     273      56.2596
     274      56.5457
     275      57.6590
     276      57.5023
     277      58.3777
     278      57.6619
     279      56.5611
     280      56.3510
     281      55.5985
     282      55.2405
     283      55.2239
     284      55.9044
     285      54.9236
     286      55.1980
     287      56.1869
     288      56.9743
     289      55.7367
     290      55.9108
     291      54.4189
     292      56.0029
     293      55.7692
     294      56.1655
     295      55.4994
     296      54.2017
     297      53.3640
     298      53.9040
     299      53.5533
     300      53.6491
     301      52.6982
     302      52.8254
     303      51.6052
     304      52.1196
     305      51.6051
     306      51.7014
     307      53.2180
     308      55.3678
     309      54.1353
     310      53.0918
     311      52.9388
     312      52.0063
     313      52.8292
     314      52.4410
     315      53.4321
     316      53.4709
     317      52.9212
     318      52.6508
     319      52.7152
     320      51.6470
     321      52.7163
     322      52.7715
     323      53.4199
     324      53.9604
     325      52.5061
     326      52.3938
     327      53.2899
     328      52.9609
     329      53.0575
     330      53.4682
     331      52.5665
     332      54.0087
     333      53.2799
     334      53.7119
     335      53.8545
     336      52.4289
     337      53.8960
     338      52.6343
     339      52.5205
     340      54.0403
     341      53.0055
     342      52.6276
     343      53.1917
     344      53.8229
     345      54.7340
     346      55.5903
     347      54.9718
     348      54.0295
     349      53.3390
     350      53.1586
     351      53.9547
     352      53.6253
     353      54.6590
     354      55.2915
     355      55.6701
     356      55.4710
     357      54.7910
     358      55.6385
     359      55.8825
     360      55.1606
     361      55.1778
     362      55.4215
     363      54.7579
     364      54.8392
     365      55.6666
     366      54.9122
     367      56.0463
     368      56.2828
     369      55.8935
     370      55.7012
     371      55.4256
     372      54.6008
     373      54.9055
     374      54.6602
     375      54.4173
     376      54.5833
     377      53.6631
     378      52.3305
     379      52.4486
     380      53.4668
     381      53.1494
     382      54.1274
     383      54.3276
     384      53.8473
     385      54.1298
     386      53.5964
     387      53.3027
     388      53.7285
     389      54.0503
     390      54.0641
     391      54.1682
     392      53.4710
     393      54.6360
     394      54.6848
     395      54.2944
     396      54.9906
     397      54.7832
     398      55.5799
     399      55.9462
     400      54.8816
     401      54.7927
     402      55.2643
     403      54.9717
     404      54.3074
     405      54.4426
     406      53.9117
     407      53.6351
     408      54.5465
     409      55.2168
     410      55.8524
     411      54.2653
     412      54.3039
     413      54.0036
     414      53.0620
     415      54.9887
     416      55.3466
     417      55.3391
     418      56.3527
     419      56.8725
     420      56.9833
     421      56.6293
     422      56.1137
     423      57.1468
     424      56.1619
     425      56.6909
     426      55.0238
     427      55.6051
     428      54.3074
     429      55.4965
     430      55.6468
     431      55.0698
     432      55.6452
     433      56.3369
     434      56.3905
     435      56.1707
     436      55.7011
     437      55.8376
     438      55.8747
     439      57.2040
     440      57.4632
     441      57.5007
     442      57.8943
     443      56.6797
     444      56.3867
     445      56.4578
     446      56.6105
     447      56.7876
     448      57.8047
     449      56.7217
     450      56.9134
     451      56.6573
     452      57.0857
     453      56.2948
     454      56.2105
     455      55.9942
     456      56.3199
     457      56.0003
     458      55.5028
     459      56.2126
     460      56.1017
     461      56.2244
     462      55.5468
     463      55.7194
     464      55.9988
     465      55.6145
     466      54.9748
     467      56.1548
     468      55.6763
     469      55.7010
     470      55.8034
     471      55.0700
     472      54.6468
     473      54.3623
     474      56.6973
     475      55.4356
     476      56.1014
     477      55.7689
     478      55.0142
     479      54.9303
     480      54.9003
     481      56.1208
     482      55.3283
     483      54.9065
     484      56.0174
     485      57.9532
     486      57.8366
     487      57.0910
     488      56.7529
     489      55.7003
     490      55.8254
     491      56.3518
     492      55.4337
     493      55.5672
     494      56.6525
     495      56.5466
     496      55.6089
     497      57.2614
     498      55.9971
     499      56.2259
     500      55.7648
     501      55.8142
     502      55.5579
     503      55.6011
     504      55.3842
     505      54.7842
     506      53.2639
     507      55.1083
     508      55.6283
     509      54.4072
     510      54.1067
     511      53.7914
     512      54.2416
     513      53.4522
     514      53.2414
     515      54.4374
     516      53.8078
     517      54.1386
     518      54.8433
     519      54.8951
     520      55.2345
     521      54.8857
     522      54.6422
     523      55.1210
     524      55.4792
     525      55.0200
     526      56.0519
     527      56.4217
     528      56.3079
     529      55.0646
     530      55.9761
     531      56.1758
     532      55.6031
     533      54.8176
     534      54.4384
     535      54.0223
     536      53.8479
     537      54.0931
     538      55.0565
     539      54.3188
     540      53.8513
     541      54.9770
     542      55.1549
     543      56.3104
     544      55.3577
     545      53.9738
     546      53.8370
     547      54.0113
     548      53.4754
     549      53.7407
     550      53.3411
     551      53.4985
     552      53.0934
     553      54.2339
     554      54.7489
     555      55.4961
     556      55.3162
     557      54.7682
     558      54.9613
     559      54.3897
     560      55.0974
     561      55.1778
     562      55.4327
     563      55.6345
     564      55.9702
     565      55.9933
     566      56.3312
     567      56.0256
     568      56.0369
     569      55.7005
     570      55.8716
     571      55.5046
     572      54.8194
     573      53.3669
     574      51.8193
     575      52.8433
     576      52.8885
     577      53.1098
     578      53.0975
     579      54.0368
     580      53.6302
     581      53.7649
     582      53.8068
     583      54.6751
     584      55.7487
     585      55.1849
     586      55.7743
     587      54.8237
     588      54.7810
     589      54.8112
     590      54.5339
     591      54.9205
     592      54.1060
     593      54.2843
     594      54.3914
     595      54.6029
     596      54.7093
     597      54.8368
     598      54.7074
     599      54.6736
     600      53.9810
     601      55.2153
     602      54.4973
     603      54.7334
     604      54.5606
     605      55.8456
     606      54.7621
     607      55.1733
     608      55.4113
     609      56.1396
     610      55.9525
     611      56.4348
     612      55.2786
     613      55.8142
     614      55.4554
     615      55.1017
     616      55.9268
     617      56.3180
     618      56.4042
     619      56.5926
     620      56.3066
     621      56.6706
     622      57.2590
     623      56.2189
     624      56.8816
     625      56.5485
     626      57.5825
     627      57.7764
     628      56.9866
     629      56.8032
     630      57.3612
     631      57.2245
     632      57.7945
     633      58.6480
     634      57.5467
     635      57.7114
     636      58.1978
     637      57.8923
     638      58.1704
     639      57.5566
     640      58.7514
     641      57.7516
     642      56.6631
     643      57.0344
     644      57.9192
     645      57.0546
     646      56.1916
     647      55.8316
     648      57.0926
     649      57.4503
     650      57.0080
     651      56.9716
     652      55.9116
     653      57.0221
     654      57.4187
     655      58.1303
     656      57.3683
     657      56.1858
     658      56.1794
     659      55.1831
     660      56.0916
     661      56.7185
     662      56.4826
     663      55.7888
     664      56.4317
     665      56.2566
     666      55.5241
     667      56.2122
     668      56.0160
     669      55.3519
     670      55.9752
     671      55.3471
     672      55.7410
     673      56.9510
     674      56.8094
     675      58.3666
     676      57.3704
     677      57.1026
     678      57.6319
     679      57.9831
     680      56.7023
     681      56.9477
     682      55.3724
     683      55.3544
     684      55.6695
     685      55.7972
     686      56.2211
     687      54.7007
     688      56.8755
     689      56.8506
     690      56.8326
     691      56.0956
     692      57.2457
     693      56.4376
     694      55.4849
     695      54.9540
     696      54.7104
     697      56.2074
     698      55.9830
     699      54.9867
     700      54.2336
     701      54.2521
     702      55.2451
     703      55.1827
     704      54.2905
     705      54.5767
     706      53.9611
     707      54.6923
     708      53.8078
     709      54.3211
     710      54.5736
     711      54.6860
     712      54.8389
     713      54.5003
     714      54.4981
     715      55.5263
     716      55.3884
     717      56.4908
     718      56.5622
     719      57.0021
     720      57.4454
     721      58.1250
     722      56.8323
     723      57.7524
     724      55.5148
     725      56.3237
     726      56.9336
     727      57.5781
     728      56.9170
     729      58.0476
     730      58.2045
     731      57.7877
     732      58.1908
     733      58.1299
     734      58.5725
     735      58.9791
     736      57.8478
     737      57.1146
     738      56.4045
     739      57.0411
     740      57.7166
     741      57.3265
     742      58.8381
     743      58.2210
     744      58.2919
     745      58.0295
     746      59.0267
     747      57.5457
     748      57.7990
     749      57.9092
     750      57.3547
     751      57.2357
     752      56.5229
     753      56.8519
     754      57.2469
     755      56.7918
     756      58.1233
     757      57.2198
     758      56.3226
     759      57.2122
     760      57.3972
     761      57.3564
     762      57.3571
     763      57.3742
     764      57.9783
     765      58.2760
     766      58.9042
     767      59.1851
     768      57.1605
     769      56.0090
     770      57.2079
     771      59.0799
     772      59.4497
     773      59.1270
     774      59.1782
     775      59.3469
     776      58.7020
     777      58.4483
     778      57.8621
     779      58.5126
     780      58.5885
     781      58.2105
     782      59.0863
     783      59.0029
     784      57.5624
     785      58.6517
     786      59.1451
     787      57.3056
     788      57.5899
     789      57.5624
     790      57.6749
     791      57.4828
     792      57.4065
     793      56.4703
     794      55.9451
     795      56.0111
     796      55.3512
     797      55.4699
     798      55.6151
     799      56.2786
     800      56.3296
     801      54.7509
     802      55.4299
     803      56.6939
     804      56.3561
     805      55.1970
     806      55.6831
     807      55.5203
     808      55.0602
     809      54.8711
     810      54.5818
     811      55.8372
     812      54.4799
     813      54.2637
     814      54.8193
     815      55.9705
     816      55.7007
     817      54.7871
     818      56.5980
     819      57.0197
     820      56.8532
     821      57.3354
     822      56.6866
     823      57.1670
     824      56.9253
     825      56.8574
     826      55.8633
     827      56.7751
     828      56.9278
     829      56.6463
     830      57.1731
     831      57.3685
     832      56.0663
     833      56.9776
     834      57.5920
     835      58.2748
     836      57.5874
     837      57.0445
     838      57.3318
     839      56.7895
     840      57.9016
     841      56.9803
     842      56.3796
     843      56.5832
     844      56.9134
     845      55.8343
     846      56.9340
     847      57.1042
     848      56.0603
     849      55.1273
     850      56.2424
     851      56.7239
     852      55.9622
     853      55.7679
     854      56.0494
     855      55.4667
     856      55.5355
     857      56.7554
     858      56.7168
     859      56.7847
     860      56.5735
     861      57.0427
     862      55.9461
     863      55.8707
     864      57.5183
     865      57.0558
     866      57.9270
     867      58.2153
     868      57.9326
     869      57.8872
     870      58.0327
     871      58.6708
     872      59.6043
     873      59.0996
     874      59.0783
     875      59.3716
     876      57.1159
     877      56.6749
     878      55.0532
     879      56.3757
     880      55.0155
     881      54.6845
     882      53.5860
     883      54.0265
     884      54.0564
     885      54.2560
     886      54.4854
     887      53.7502
     888      54.2707
     889      54.6930
     890      54.5455
     891      55.3301
     892      55.9518
     893      55.8942
     894      55.4914
     895      55.2514
     896      55.6806
     897      55.6362
     898      56.2143
     899      55.2535
     900      54.9614
     901      56.7401
     902      56.3446
     903      56.6345
     904      56.3783
     905      57.5352
     906      57.5555
     907      57.8485
     908      58.7126
     909      58.1953
     910      57.5512
     911      58.3321
     912      57.0888
     913      57.8146
     914      56.9460
     915      57.6755
     916      57.5466
     917      55.3873
     918      55.7912
     919      55.1524
     920      56.1166
     921      56.1704
     922      57.2138
     923      56.9901
     924      56.8607
     925      56.2275
     926      57.0717
     927      57.5759
     928      57.1098
     929      58.1746
     930      58.4105
     931      58.6093
     932      58.4665
     933      58.6391
     934      57.7815
     935      57.5949
     936      58.5538
     937      57.7406
     938      58.8929
     939      58.1443
     940      57.3336
     941      58.3202
     942      57.4974
     943      57.8287
     944      57.4304
     945      58.0517
     946      59.0555
     947      58.9643
     948      57.2727
     949      56.8372
     950      56.4555
     951      56.4138
     952      55.7721
     953      56.4068
     954      57.1884
     955      58.1401
     956      57.6716
     957      56.3378
     958      56.5064
     959      56.4737
     960      56.5303
     961      57.7411
     962      57.5140
     963      57.3157
     964      57.6488
     965      57.3843
     966      57.3415
     967      57.4575
     968      57.9999
     969      57.7193
     970      57.8126
     971      58.6291
     972      57.9337
     973      57.1830
     974      57.7528
     975      58.1385
     976      58.3183
     977      58.1656
     978      57.5715
     979      57.9001
     980      57.7243
     981      57.0924
     982      56.3359
     983      56.2688
     984      55.4166
     985      55.9993
     986      56.7770
     987      56.3435
     988      55.5686
     989      56.2653
     990      56.9608
     991      56.5321
     992      57.0651
     993      56.2669
     994      56.0171
     995      55.6905
     996      55.9478
     997      55.7310
     998      56.1990
     999      55.9100
    1000      55.1836
