#Frame          ANdis
       1      54.8992
       2      55.6621
       3      55.4400
       4      54.7189
       5      54.5551
       6      56.0067
       7      57.2954
       8      56.6238
       9      58.8034
      10      58.8825
      11      58.8791
      12      56.9521
      13      58.0287
      14      58.1140
      15      57.4804
      16      57.9597
      17      58.6426
      18      58.4969
      19      57.7870
      20      57.8160
      21      57.7900
      22      57.8655
      23      56.8638
      24      57.0305
      25      56.3593
      26      55.3697
      27      56.3523
      28      56.6944
      29      57.5810
      30      56.7337
      31      57.0178
      32      56.6924
      33      57.6102
      34      57.0196
      35      57.0964
      36      56.3703
      37      57.4751
      38      56.9204
      39      56.6040
      40      56.5472
      41      57.1359
      42      56.9992
      43      57.3177
      44      56.0965
      45      56.7980
      46      56.1872
      47      56.4977
      48      55.4292
      49      55.9285
      50      56.4398
      51      55.4992
      52      55.7280
      53      55.8179
      54      56.6612
      55      57.4572
      56      57.8438
      57      58.4659
      58      57.4862
      59      57.5576
      60      57.5201
      61      58.4500
      62      57.4715
      63      57.0316
      64      58.3351
      65      59.1665
      66      58.3757
      67      58.6356
      68      57.1950
      69      57.9662
      70      58.2892
      71      58.7168
      72      58.5666
      73      58.6339
      74      58.4291
      75      57.7277
      76      56.3663
      77      57.4042
      78      59.0402
      79      58.0615
      80      58.7351
      81      58.9030
      82      59.3672
      83      58.6666
      84      58.0764
      85      58.1859
      86      57.2173
      87      56.7218
      88      57.8044
      89      58.1175
      90      57.6447
      91      57.5621
      92      56.4493
      93      57.2824
      94      57.4334
      95      57.8298
      96      57.2712
      97      57.4476
      98      56.2503
      99      56.4463
     100      57.1050
     101      56.2901
     102      57.0514
     103      57.4058
     104      58.0199
     105      56.9672
     106      56.8646
     107      58.3704
     108      58.1031
     109      58.1454
     110      57.1004
     111      58.0663
     112      56.0379
     113      56.4328
     114      56.8241
     115      56.5487
     116      58.0293
     117      57.8403
     118      57.8993
     119      57.8667
     120      56.5985
     121      57.2316
     122      56.8152
     123      57.5146
     124      58.4732
     125      57.9574
     126      57.8150
     127      59.3823
     128      59.0916
     129      58.0255
     130      56.9961
     131      57.0206
     132      56.4582
     133      56.1981
     134      56.9527
     135      57.6344
     136      56.9956
     137      57.3482
     138      57.5689
     139      57.6578
     140      58.0143
     141      57.7569
     142      56.6242
     143      56.5264
     144      57.5480
     145      57.7992
     146      57.2475
     147      58.0240
     148      57.7448
     149      58.3317
     150      58.5326
     151      57.2350
     152      56.8308
     153      58.0600
     154      58.4796
     155      56.7829
     156      56.0232
     157      56.4895
     158      56.1849
     159      56.0664
     160      56.9812
     161      56.4165
     162      56.0497
     163      56.1770
     164      56.1748
     165      54.8779
     166      55.7422
     167      56.1090
     168      55.2682
     169      56.3778
     170      55.5974
     171      57.6634
     172      57.5479
     173      56.9215
     174      56.6224
     175      56.9532
     176      57.6458
     177      57.4305
     178      56.9917
     179      56.3997
     180      55.9933
     181      55.7303
     182      56.1304
     183      55.6584
     184      56.2679
     185      56.4304
     186      56.8003
     187      57.3852
     188      56.3265
     189      55.8927
     190      55.6100
     191      56.7930
     192      56.9884
     193      57.2139
     194      56.9300
     195      56.5078
     196      55.4474
     197      55.9139
     198      54.9183
     199      55.3257
     200      55.3294
     201      54.3900
     202      53.8815
     203      53.2981
     204      53.4829
     205      53.2468
     206      51.9427
     207      52.8391
     208      54.0728
     209      53.2729
     210      52.9045
     211      52.7125
     212      53.5832
     213      53.1622
     214      53.2401
     215      53.9338
     216      53.7776
     217      54.1793
     218      53.6801
     219      53.9680
     220      54.2889
     221      54.8191
     222      55.1280
     223      54.6689
     224      54.8451
     225      55.5400
     226      54.7066
     227      53.9675
     228      54.5504
     229      54.4429
     230      55.2246
     231      54.2349
     232      53.4587
     233      54.3105
     234      54.4182
     235      54.3692
     236      54.5615
     237      55.8480
     238      55.9917
     239      55.0410
     240      55.8830
     241      55.7900
     242      56.7196
     243      56.4862
     244      56.6640
     245      55.2151
     246      55.9642
     247      57.1639
     248      56.5049
     249      57.3877
     250      56.9446
     251      56.7165
     252      56.8130
     253      57.0633
     254      56.9756
     255      56.6894
     256      57.3252
     257      57.3897
     258      55.9157
     259      56.6647
     260      56.4982
     261      57.1658
     262      57.5742
     263      57.1087
     264      57.3205
     265      56.6857
     266      56.5298
     267      56.3186
     268      56.1810
     269      56.0287
     270      55.9980
     271      55.1909
     272      54.9563
     273      56.0389
     274      55.6294
     275      55.0161
     276      54.3024
     277      53.4828
     278      53.2511
     279      54.3422
     280      52.3942
     281      53.2719
     282      54.5104
     283      54.5234
     284      54.7378
     285      54.6200
     286      55.9420
     287      55.6635
     288      55.7012
     289      54.1067
     290      53.6947
     291      55.2860
     292      54.0805
     293      54.6770
     294      55.2373
     295      56.1069
     296      56.5422
     297      56.5292
     298      55.5171
     299      56.2980
     300      56.8401
     301      58.6067
     302      57.5902
     303      56.8747
     304      56.5260
     305      55.9239
     306      56.0506
     307      54.9044
     308      55.7161
     309      55.2341
     310      55.2263
     311      55.4877
     312      56.0436
     313      55.6257
     314      55.0699
     315      55.0725
     316      55.3971
     317      54.5908
     318      54.1321
     319      55.0801
     320      54.9766
     321      55.3225
     322      54.1084
     323      54.7599
     324      55.1343
     325      55.1375
     326      55.0761
     327      54.7501
     328      55.4878
     329      55.6612
     330      56.0588
     331      57.1902
     332      57.1822
     333      57.4893
     334      56.7801
     335      57.3185
     336      56.4126
     337      56.3369
     338      54.2397
     339      54.0621
     340      53.8159
     341      54.0406
     342      53.9868
     343      53.2809
     344      53.9867
     345      54.7413
     346      54.4500
     347      53.9920
     348      56.1061
     349      55.4650
     350      54.8244
     351      54.0815
     352      54.3174
     353      53.8027
     354      54.0997
     355      54.6514
     356      52.8254
     357      53.9317
     358      54.3839
     359      52.8830
     360      52.9328
     361      52.9013
     362      53.1973
     363      53.9541
     364      53.1795
     365      54.6243
     366      54.6156
     367      54.4240
     368      53.7221
     369      54.8556
     370      55.9649
     371      55.5219
     372      54.3249
     373      54.8277
     374      56.0182
     375      55.4268
     376      55.6725
     377      55.6011
     378      55.3813
     379      55.0171
     380      55.2881
     381      55.9398
     382      55.2266
     383      54.9095
     384      54.9117
     385      55.4628
     386      55.7151
     387      54.8280
     388      53.5621
     389      53.8579
     390      54.0261
     391      53.7260
     392      52.6936
     393      52.7302
     394      52.1723
     395      53.3538
     396      53.2215
     397      55.0289
     398      54.0704
     399      53.3313
     400      52.3599
     401      52.0383
     402      52.4099
     403      52.3774
     404      52.3657
     405      52.6935
     406      52.6829
     407      52.8537
     408      52.3111
     409      52.6442
     410      53.5874
     411      54.5125
     412      55.0562
     413      55.1755
     414      55.2409
     415      54.6353
     416      54.3136
     417      53.4979
     418      54.1524
     419      53.1997
     420      53.4223
     421      53.5837
     422      52.8125
     423      53.5133
     424      52.9223
     425      51.9639
     426      51.8595
     427      51.8434
     428      53.5924
     429      52.8728
     430      53.4256
     431      52.5095
     432      52.6211
     433      52.9342
     434      51.9245
     435      52.4316
     436      53.2614
     437      53.7991
     438      54.2902
     439      53.1191
     440      53.2708
     441      52.6288
     442      53.5345
     443      53.0001
     444      51.4195
     445      51.6626
     446      52.2653
     447      53.4070
     448      53.6075
     449      54.3651
     450      53.1344
     451      53.5655
     452      53.7887
     453      53.9508
     454      53.5683
     455      54.1400
     456      53.0241
     457      52.9326
     458      52.3919
     459      52.4036
     460      52.1693
     461      52.6299
     462      52.3547
     463      52.5228
     464      53.3742
     465      53.5703
     466      53.0966
     467      53.7406
     468      53.2800
     469      52.9582
     470      52.9030
     471      54.3088
     472      55.1161
     473      54.3236
     474      55.0065
     475      54.8966
     476      54.1087
     477      53.9736
     478      53.3214
     479      53.8341
     480      53.3127
     481      54.8529
     482      55.1039
     483      55.6851
     484      55.9281
     485      55.3749
     486      55.6302
     487      54.3092
     488      53.6994
     489      54.0788
     490      55.2780
     491      55.6289
     492      54.6407
     493      54.5774
     494      53.8574
     495      52.4744
     496      53.0764
     497      53.7628
     498      55.0795
     499      54.2606
     500      53.3286
     501      54.0295
     502      54.2812
     503      54.7837
     504      54.2843
     505      54.5430
     506      54.6170
     507      53.8694
     508      54.3141
     509      54.6570
     510      54.4006
     511      55.4129
     512      55.8379
     513      54.2933
     514      55.4959
     515      55.8882
     516      55.5887
     517      55.1200
     518      55.0493
     519      55.4945
     520      56.0855
     521      55.9549
     522      55.6295
     523      55.3505
     524      55.1458
     525      54.1536
     526      54.9942
     527      55.0708
     528      55.6871
     529      55.2548
     530      56.2572
     531      55.2954
     532      55.7933
     533      55.0146
     534      55.2034
     535      55.3887
     536      53.7153
     537      54.1045
     538      53.1206
     539      53.4183
     540      53.8412
     541      55.0101
     542      54.5138
     543      53.8027
     544      54.0903
     545      54.6177
     546      54.5069
     547      55.5258
     548      54.7980
     549      53.9700
     550      53.6898
     551      53.4643
     552      53.0840
     553      54.1609
     554      53.6506
     555      53.9817
     556      54.9212
     557      54.0764
     558      53.2814
     559      53.8985
     560      54.4660
     561      53.8794
     562      54.7177
     563      55.2697
     564      54.7477
     565      54.2925
     566      53.3669
     567      53.1048
     568      53.8098
     569      55.5547
     570      54.2598
     571      53.2823
     572      52.7459
     573      53.9043
     574      54.3998
     575      55.1708
     576      54.5882
     577      54.1259
     578      54.6340
     579      55.0205
     580      52.8195
     581      53.2002
     582      52.9307
     583      53.4573
     584      53.6158
     585      54.0682
     586      54.5969
     587      53.7820
     588      54.4442
     589      54.0576
     590      53.6110
     591      53.5937
     592      55.5019
     593      54.1372
     594      54.6416
     595      55.5487
     596      55.0172
     597      54.3774
     598      54.9706
     599      55.7652
     600      55.9306
     601      56.2109
     602      57.1022
     603      56.2005
     604      56.2983
     605      55.6774
     606      55.9762
     607      56.4519
     608      56.1301
     609      56.2114
     610      56.6464
     611      56.9249
     612      55.3670
     613      55.9991
     614      55.6303
     615      56.3044
     616      55.9552
     617      55.3268
     618      56.6061
     619      55.7644
     620      56.8257
     621      55.8240
     622      56.5973
     623      55.7688
     624      56.4496
     625      56.2586
     626      54.9616
     627      55.8945
     628      56.2854
     629      53.9471
     630      54.8434
     631      55.5764
     632      56.5367
     633      55.8001
     634      56.2613
     635      55.1239
     636      55.8992
     637      56.7023
     638      56.1669
     639      57.2034
     640      56.9287
     641      58.3538
     642      58.6661
     643      58.2934
     644      57.5542
     645      56.9070
     646      57.2285
     647      56.1871
     648      57.2882
     649      58.4272
     650      56.9971
     651      57.2319
     652      56.6556
     653      57.0233
     654      57.2865
     655      56.7445
     656      56.5230
     657      57.8631
     658      56.2188
     659      56.5716
     660      57.7575
     661      57.6378
     662      58.5956
     663      59.1314
     664      59.1610
     665      58.8942
     666      58.7905
     667      58.1666
     668      58.3252
     669      57.8835
     670      58.0047
     671      58.1824
     672      57.6881
     673      58.0928
     674      58.8074
     675      59.4588
     676      58.9035
     677      59.5625
     678      57.6344
     679      57.7942
     680      58.6163
     681      57.6931
     682      58.1875
     683      58.0262
     684      58.9121
     685      57.9693
     686      58.2873
     687      59.5888
     688      60.0263
     689      59.6426
     690      60.0369
     691      60.1300
     692      60.1659
     693      60.2036
     694      61.0217
     695      59.9511
     696      59.7062
     697      59.7884
     698      60.4742
     699      60.9142
     700      61.1955
     701      59.4298
     702      59.8368
     703      59.7178
     704      57.7397
     705      58.2932
     706      56.8253
     707      57.6352
     708      56.5454
     709      57.4775
     710      57.2549
     711      57.0529
     712      57.8495
     713      57.8662
     714      58.2544
     715      57.3696
     716      57.2569
     717      58.3030
     718      57.6253
     719      57.8082
     720      58.5627
     721      58.7566
     722      58.2245
     723      57.7408
     724      58.3428
     725      57.3322
     726      57.3748
     727      55.5625
     728      56.6362
     729      56.1552
     730      57.2723
     731      57.8273
     732      57.7182
     733      58.0956
     734      58.0069
     735      57.7086
     736      57.0679
     737      56.9735
     738      58.3821
     739      59.1855
     740      59.9801
     741      59.4806
     742      58.8538
     743      59.4333
     744      59.0429
     745      59.1034
     746      59.3993
     747      59.3357
     748      59.1133
     749      57.6470
     750      57.4695
     751      56.7762
     752      57.4078
     753      57.4724
     754      58.7975
     755      58.6805
     756      58.8544
     757      57.8043
     758      58.4222
     759      58.9050
     760      59.0329
     761      57.6878
     762      57.5375
     763      58.3342
     764      59.0838
     765      58.2692
     766      56.9695
     767      57.3858
     768      57.7117
     769      58.5408
     770      57.9957
     771      58.9589
     772      58.2674
     773      57.4701
     774      57.1430
     775      56.0882
     776      55.7817
     777      56.5651
     778      57.5540
     779      57.2960
     780      58.1124
     781      56.9216
     782      57.8990
     783      57.7871
     784      56.3564
     785      56.6429
     786      56.0690
     787      56.5660
     788      56.3542
     789      55.9618
     790      55.9067
     791      55.8189
     792      55.1353
     793      55.7566
     794      55.5912
     795      55.5184
     796      54.8489
     797      55.3265
     798      55.9877
     799      57.0465
     800      56.5106
     801      55.9701
     802      56.8628
     803      57.2528
     804      57.6253
     805      57.0169
     806      57.6566
     807      57.9664
     808      57.5558
     809      56.3813
     810      56.0369
     811      55.6233
     812      55.9971
     813      56.8800
     814      56.2249
     815      57.1296
     816      58.2504
     817      57.5559
     818      57.8684
     819      56.6538
     820      57.0872
     821      57.0846
     822      56.8715
     823      56.3643
     824      55.5900
     825      56.7413
     826      56.3892
     827      57.2918
     828      58.5983
     829      59.1841
     830      59.0615
     831      58.1592
     832      58.3549
     833      58.2685
     834      57.3234
     835      58.0192
     836      57.0785
     837      57.2951
     838      57.8065
     839      58.2645
     840      58.4183
     841      59.4115
     842      58.0766
     843      57.6614
     844      58.3939
     845      58.0357
     846      56.8799
     847      56.9344
     848      56.8675
     849      56.7121
     850      57.2883
     851      56.6778
     852      56.6882
     853      56.7029
     854      57.4096
     855      57.2280
     856      58.5193
     857      59.3166
     858      58.7505
     859      57.2281
     860      57.3182
     861      56.7267
     862      57.8825
     863      58.0818
     864      58.1137
     865      56.8409
     866      56.9685
     867      56.3604
     868      56.2215
     869      57.0828
     870      56.8548
     871      57.6984
     872      56.5244
     873      57.0973
     874      57.4827
     875      58.1240
     876      58.2341
     877      58.3518
     878      58.3415
     879      59.1805
     880      58.7284
     881      59.1452
     882      58.6652
     883      58.0335
     884      57.7953
     885      57.9411
     886      57.8806
     887      57.3246
     888      56.9760
     889      57.4062
     890      57.7121
     891      55.7681
     892      55.4719
     893      55.1440
     894      55.4343
     895      55.6078
     896      55.9148
     897      56.3017
     898      56.4460
     899      56.3913
     900      56.7050
     901      56.7365
     902      57.3480
     903      57.2394
     904      56.8627
     905      56.7423
     906      56.5994
     907      57.6307
     908      56.8657
     909      57.6858
     910      56.3268
     911      57.2081
     912      57.2609
     913      56.8770
     914      56.2630
     915      57.1489
     916      56.2018
     917      55.3474
     918      56.0661
     919      56.0542
     920      56.0055
     921      57.1439
     922      56.7355
     923      57.0337
     924      57.1335
     925      57.7524
     926      57.9644
     927      57.2475
     928      56.0388
     929      56.0706
     930      57.4021
     931      57.4007
     932      57.6944
     933      57.9955
     934      57.2484
     935      57.6002
     936      58.1353
     937      57.6828
     938      58.1097
     939      57.5272
     940      57.5451
     941      58.6132
     942      59.4006
     943      58.6085
     944      57.4825
     945      57.3298
     946      58.1764
     947      57.2912
     948      58.1708
     949      57.9453
     950      57.2083
     951      57.3433
     952      57.7558
     953      57.1436
     954      57.3490
     955      58.4259
     956      58.0474
     957      57.5726
     958      57.2008
     959      58.4188
     960      58.3182
     961      56.4823
     962      57.4836
     963      58.2873
     964      57.4279
     965      57.0953
     966      58.6212
     967      58.2362
     968      57.5540
     969      57.1091
     970      57.1632
     971      58.1408
     972      59.0168
     973      58.3653
     974      58.6302
     975      58.9440
     976      58.8114
     977      57.9109
     978      58.8045
     979      58.1713
     980      58.6302
     981      59.7752
     982      58.6479
     983      58.8685
     984      59.7462
     985      59.4481
     986      59.6884
     987      59.6892
     988      59.2809
     989      59.5311
     990      59.7428
     991      59.1301
     992      58.2693
     993      58.1213
     994      57.1560
     995      57.8924
     996      58.1991
     997      58.2576
     998      57.2889
     999      57.1197
    1000      58.3043
