#Frame          ANdis
       1      42.9893
       2      43.3480
       3      44.0870
       4      44.2557
       5      44.6305
       6      44.9919
       7      45.7193
       8      45.6043
       9      45.3900
      10      44.8516
      11      45.2353
      12      46.4712
      13      46.3228
      14      45.1384
      15      45.4044
      16      45.2871
      17      44.9768
      18      46.1309
      19      46.2775
      20      46.5448
      21      46.5787
      22      47.3926
      23      47.6115
      24      47.4100
      25      46.2666
      26      45.7829
      27      45.9326
      28      46.2934
      29      46.2678
      30      47.3570
      31      46.0409
      32      46.0794
      33      46.1116
      34      46.7223
      35      46.5532
      36      47.0906
      37      46.0926
      38      47.0649
      39      46.1897
      40      47.0333
      41      45.3322
      42      45.4798
      43      45.6143
      44      44.5624
      45      46.3758
      46      46.2956
      47      46.2031
      48      44.6899
      49      45.5011
      50      46.1877
      51      46.3648
      52      46.9686
      53      46.0101
      54      45.4631
      55      45.9873
      56      46.4147
      57      44.9271
      58      43.7541
      59      44.3976
      60      45.3920
      61      45.9180
      62      44.0372
      63      44.2460
      64      44.4680
      65      44.6227
      66      45.5955
      67      44.8550
      68      45.2770
      69      45.6601
      70      44.6631
      71      44.1414
      72      44.5871
      73      43.4389
      74      43.7356
      75      45.1044
      76      44.1757
      77      43.0823
      78      43.7760
      79      43.5874
      80      43.0091
      81      42.4899
      82      43.4738
      83      43.8096
      84      42.6460
      85      42.2332
      86      43.4383
      87      42.9379
      88      44.5908
      89      43.9967
      90      42.7224
      91      42.2049
      92      42.4869
      93      43.8452
      94      42.6841
      95      41.7989
      96      42.4256
      97      42.6980
      98      42.4342
      99      42.3828
     100      42.9274
     101      42.6037
     102      43.3939
     103      42.5552
     104      42.0201
     105      41.3755
     106      41.3625
     107      41.5316
     108      39.9907
     109      39.9758
     110      41.4061
     111      42.4955
     112      42.5321
     113      41.6182
     114      41.8310
     115      41.5353
     116      42.5626
     117      42.7615
     118      42.8014
     119      43.2578
     120      42.1368
     121      42.4850
     122      42.1455
     123      42.1829
     124      43.9100
     125      43.7374
     126      43.7943
     127      43.8193
     128      44.9842
     129      44.6653
     130      43.6589
     131      43.4305
     132      43.3612
     133      42.4821
     134      42.7427
     135      42.8627
     136      42.8869
     137      44.2352
     138      44.5854
     139      44.6177
     140      44.8311
     141      44.6144
     142      44.3378
     143      45.9448
     144      45.3804
     145      45.2269
     146      44.9616
     147      44.5795
     148      44.4328
     149      43.2857
     150      44.6357
     151      45.2223
     152      45.3033
     153      45.1700
     154      44.3570
     155      45.1252
     156      44.4769
     157      43.7298
     158      43.2813
     159      43.2847
     160      44.5032
     161      44.8536
     162      45.4336
     163      45.3395
     164      44.8064
     165      43.7308
     166      44.2953
     167      43.5395
     168      45.6180
     169      45.3739
     170      44.5797
     171      44.2154
     172      43.8121
     173      43.5446
     174      43.7047
     175      43.1050
     176      42.8062
     177      42.5981
     178      42.2337
     179      42.5006
     180      43.1598
     181      43.8112
     182      44.3037
     183      44.2397
     184      43.2720
     185      44.1109
     186      43.7055
     187      43.8053
     188      45.0442
     189      45.6697
     190      46.0855
     191      44.7592
     192      46.1662
     193      45.6005
     194      44.6642
     195      45.3374
     196      43.8881
     197      43.8126
     198      43.2620
     199      43.3979
     200      42.8105
     201      43.3743
     202      42.2762
     203      42.8145
     204      41.9076
     205      42.8353
     206      42.4089
     207      42.8233
     208      42.1735
     209      42.5556
     210      42.8297
     211      42.5044
     212      41.4432
     213      42.2451
     214      42.3333
     215      41.5480
     216      41.3083
     217      41.7150
     218      40.3814
     219      41.0000
     220      40.3573
     221      41.1390
     222      40.5544
     223      41.3858
     224      41.8053
     225      41.4451
     226      41.4757
     227      41.2783
     228      40.8147
     229      40.9164
     230      40.4976
     231      40.5244
     232      40.5038
     233      40.9089
     234      40.8075
     235      41.0107
     236      40.1420
     237      40.2576
     238      39.9651
     239      40.2828
     240      40.3715
     241      39.3376
     242      40.4496
     243      40.5599
     244      40.2085
     245      40.5432
     246      40.7437
     247      39.0537
     248      39.4654
     249      39.4678
     250      39.4451
     251      39.5483
     252      38.9733
     253      38.4520
     254      38.1780
     255      38.3461
     256      38.5407
     257      39.0874
     258      39.8439
     259      38.5108
     260      39.0664
     261      39.4081
     262      38.9553
     263      39.2452
     264      39.7135
     265      40.4340
     266      39.5419
     267      39.9779
     268      39.8397
     269      41.0450
     270      40.6017
     271      39.5879
     272      40.3112
     273      40.4562
     274      39.3809
     275      39.2005
     276      38.0583
     277      37.8969
     278      38.1494
     279      37.9419
     280      37.9273
     281      38.3672
     282      38.7090
     283      39.0786
     284      39.8845
     285      40.3622
     286      40.5906
     287      41.4375
     288      40.9325
     289      40.9599
     290      40.9531
     291      42.4433
     292      41.8556
     293      41.7684
     294      41.5088
     295      41.0214
     296      41.1661
     297      40.9905
     298      40.4183
     299      40.6013
     300      39.8683
     301      40.2525
     302      40.2602
     303      40.6631
     304      40.1280
     305      39.8907
     306      40.6684
     307      40.2180
     308      40.3453
     309      39.4099
     310      40.8073
     311      40.2276
     312      40.2423
     313      40.1990
     314      41.6538
     315      40.3998
     316      40.4594
     317      40.8786
     318      40.5364
     319      40.3848
     320      39.9411
     321      39.1630
     322      39.3177
     323      38.9029
     324      38.5569
     325      38.7874
     326      39.4578
     327      39.3068
     328      39.6010
     329      39.9593
     330      40.4067
     331      40.6156
     332      40.4218
     333      40.9125
     334      41.3678
     335      41.3560
     336      40.8105
     337      41.5837
     338      40.4227
     339      40.0743
     340      39.5781
     341      39.7908
     342      39.0157
     343      38.6304
     344      39.6891
     345      39.5458
     346      38.7603
     347      39.1238
     348      39.1020
     349      37.9612
     350      38.7710
     351      38.4615
     352      37.8311
     353      38.3559
     354      37.8255
     355      38.7807
     356      38.6180
     357      37.8735
     358      38.1294
     359      37.5100
     360      37.4306
     361      38.0926
     362      37.9405
     363      38.0085
     364      37.8818
     365      38.4848
     366      38.2379
     367      37.7047
     368      38.0408
     369      38.2111
     370      37.9208
     371      37.9584
     372      37.4830
     373      37.5159
     374      37.1458
     375      37.7115
     376      37.1895
     377      37.3168
     378      37.4195
     379      36.9193
     380      36.5049
     381      37.8845
     382      38.3817
     383      38.1001
     384      38.4018
     385      38.0444
     386      37.9546
     387      37.8255
     388      38.4729
     389      39.2171
     390      38.6436
     391      38.2297
     392      37.3407
     393      36.9833
     394      36.9383
     395      36.6792
     396      36.6361
     397      37.1285
     398      36.7384
     399      36.5799
     400      36.8898
     401      36.8882
     402      36.6128
     403      36.5716
     404      37.0710
     405      37.2150
     406      36.8333
     407      36.5285
     408      36.1945
     409      36.1074
     410      36.4168
     411      35.7557
     412      35.9864
     413      36.0928
     414      35.0027
     415      35.1109
     416      34.8959
     417      35.4772
     418      34.8768
     419      34.5123
     420      35.1900
     421      35.2614
     422      34.8540
     423      34.5272
     424      34.3663
     425      34.8700
     426      35.0721
     427      34.9635
     428      35.9257
     429      35.5117
     430      35.1941
     431      34.9850
     432      35.1379
     433      35.1490
     434      34.5598
     435      34.6806
     436      34.6057
     437      35.2198
     438      34.4823
     439      35.6288
     440      35.5936
     441      35.4975
     442      35.7930
     443      34.9415
     444      35.3231
     445      35.1190
     446      34.9071
     447      34.0537
     448      34.4383
     449      34.7322
     450      34.8967
     451      35.0242
     452      35.4320
     453      35.5020
     454      35.6854
     455      35.7919
     456      35.6099
     457      35.7657
     458      36.0115
     459      35.3714
     460      36.0860
     461      36.1817
     462      36.3498
     463      35.8440
     464      35.9809
     465      36.2554
     466      36.2183
     467      35.7037
     468      36.1665
     469      35.8002
     470      36.3024
     471      35.7592
     472      36.0322
     473      35.0304
     474      34.6513
     475      34.5760
     476      34.3195
     477      34.4596
     478      34.9545
     479      35.0084
     480      34.5105
     481      34.6093
     482      34.2409
     483      34.3733
     484      35.0583
     485      34.0123
     486      34.2445
     487      34.1468
     488      33.8795
     489      33.8552
     490      34.0134
     491      34.0134
     492      34.3236
     493      34.2012
     494      35.0137
     495      34.9104
     496      35.5263
     497      34.6704
     498      35.2289
     499      34.9832
     500      35.0598
     501      34.7052
     502      34.8226
     503      34.3044
     504      34.6557
     505      34.8190
     506      34.6453
     507      34.7497
     508      34.5110
     509      34.5190
     510      34.7013
     511      34.8610
     512      34.1243
     513      34.0476
     514      34.2287
     515      35.0076
     516      34.2041
     517      34.5922
     518      34.6839
     519      34.2603
     520      34.1374
     521      33.7645
     522      34.3360
     523      33.4521
     524      33.3644
     525      33.4589
     526      33.5466
     527      33.3617
     528      33.3498
     529      33.6244
     530      34.0980
     531      33.9691
     532      33.6893
     533      33.8550
     534      33.4864
     535      33.0893
     536      33.5091
     537      33.4610
     538      33.6096
     539      33.4919
     540      33.7627
     541      33.9959
     542      33.8662
     543      33.8155
     544      33.7796
     545      33.7409
     546      33.8058
     547      34.0881
     548      33.9390
     549      34.2513
     550      34.9408
     551      34.9384
     552      34.6256
     553      35.2761
     554      34.5618
     555      34.8800
     556      34.1763
     557      34.4689
     558      34.3280
     559      33.9370
     560      34.4104
     561      33.7766
     562      33.4175
     563      34.1522
     564      33.6471
     565      34.1331
     566      33.9798
     567      34.1707
     568      34.0946
     569      33.8013
     570      33.5659
     571      33.3498
     572      33.6468
     573      33.2352
     574      33.1652
     575      33.3868
     576      33.3541
     577      33.9233
     578      33.5349
     579      33.5735
     580      33.7322
     581      33.5208
     582      33.8854
     583      33.3291
     584      33.1244
     585      33.3440
     586      33.2351
     587      33.0561
     588      32.9123
     589      32.9963
     590      33.4544
     591      33.0623
     592      34.0792
     593      33.7206
     594      33.7692
     595      33.8414
     596      33.8064
     597      33.6114
     598      33.5356
     599      33.2873
     600      33.5426
     601      32.8821
     602      33.1053
     603      33.4924
     604      33.2372
     605      33.2042
     606      33.5763
     607      33.4251
     608      33.3448
     609      33.7304
     610      33.4478
     611      33.7526
     612      33.6769
     613      33.5516
     614      32.9712
     615      33.1497
     616      33.0049
     617      33.4977
     618      33.3939
     619      33.8660
     620      34.0885
     621      33.8127
     622      33.4740
     623      33.3789
     624      32.9298
     625      33.1204
     626      32.8515
     627      33.1052
     628      33.2139
     629      33.2297
     630      33.2042
     631      33.1663
     632      33.2627
     633      33.6104
     634      33.6687
     635      33.6812
     636      33.8947
     637      33.7539
     638      33.6404
     639      34.1224
     640      33.8031
     641      34.3413
     642      34.3123
     643      34.3333
     644      34.2401
     645      34.2649
     646      34.4103
     647      33.7852
     648      34.3009
     649      34.5050
     650      34.1198
     651      34.3107
     652      33.8176
     653      34.1422
     654      34.3608
     655      34.1276
     656      34.7678
     657      34.0262
     658      34.2719
     659      34.3686
     660      34.2742
     661      34.4440
     662      33.8437
     663      34.3323
     664      33.8733
     665      33.5827
     666      34.0185
     667      33.5896
     668      33.3079
     669      33.3940
     670      32.7338
     671      33.5004
     672      33.6658
     673      33.7320
     674      33.8122
     675      33.3263
     676      34.0305
     677      34.2898
     678      34.1782
     679      34.1406
     680      34.0453
     681      33.8249
     682      33.5700
     683      33.8802
     684      33.7742
     685      33.2894
     686      33.6665
     687      33.9214
     688      33.9010
     689      33.6296
     690      34.0443
     691      33.8539
     692      33.3935
     693      33.5558
     694      33.3485
     695      33.6261
     696      33.9756
     697      33.7112
     698      33.7316
     699      33.6349
     700      33.8743
     701      34.1349
     702      34.0433
     703      34.1302
     704      34.1527
     705      33.8845
     706      34.0107
     707      34.4136
     708      34.1035
     709      34.1560
     710      33.7984
     711      34.0206
     712      34.0844
     713      34.1992
     714      34.5744
     715      35.0078
     716      34.8008
     717      35.1994
     718      34.4560
     719      34.7150
     720      34.6476
     721      35.7137
     722      35.0688
     723      35.7413
     724      35.1943
     725      34.8540
     726      35.0728
     727      35.4026
     728      34.4153
     729      34.8574
     730      34.4559
     731      34.3975
     732      34.2403
     733      34.2874
     734      34.2180
     735      34.2876
     736      34.4181
     737      34.1591
     738      34.4440
     739      34.3495
     740      34.4951
     741      34.4064
     742      34.7267
     743      34.6277
     744      34.1400
     745      34.4327
     746      35.0057
     747      34.7483
     748      34.4247
     749      34.6801
     750      33.9948
     751      34.8363
     752      35.0658
     753      35.2293
     754      35.1013
     755      34.9027
     756      34.4497
     757      34.1172
     758      34.6975
     759      34.5652
     760      34.3833
     761      33.9820
     762      34.5627
     763      34.6340
     764      35.1504
     765      34.5522
     766      34.5631
     767      34.7553
     768      35.1909
     769      35.2328
     770      35.2528
     771      34.8932
     772      34.8838
     773      34.1180
     774      34.6241
     775      34.2581
     776      34.7179
     777      34.3425
     778      34.2500
     779      34.1267
     780      34.2210
     781      34.1883
     782      34.5425
     783      34.4440
     784      34.2440
     785      34.0440
     786      34.4831
     787      34.3315
     788      34.8178
     789      34.4924
     790      34.6690
     791      34.7255
     792      34.4863
     793      34.3564
     794      34.2817
     795      34.1811
     796      34.3669
     797      33.8879
     798      34.1822
     799      34.5423
     800      34.2963
     801      34.6352
     802      34.0410
     803      33.9991
     804      34.4188
     805      34.6807
     806      34.2550
     807      34.2435
     808      33.7314
     809      33.5690
     810      33.4565
     811      34.0782
     812      33.6869
     813      33.0694
     814      33.7385
     815      33.4623
     816      33.3723
     817      33.2435
     818      33.2876
     819      33.1638
     820      33.5309
     821      33.6989
     822      34.2010
     823      33.5793
     824      33.7290
     825      33.3672
     826      33.6424
     827      33.3922
     828      33.1883
     829      33.4243
     830      32.9982
     831      33.1469
     832      33.0619
     833      33.3151
     834      33.4053
     835      33.7871
     836      33.1166
     837      33.5382
     838      33.2844
     839      33.5748
     840      33.6652
     841      33.4362
     842      33.7537
     843      33.3328
     844      33.4158
     845      33.7851
     846      33.1968
     847      33.5934
     848      33.5651
     849      33.2652
     850      32.9654
     851      33.4189
     852      33.2012
     853      33.6114
     854      33.4652
     855      33.7040
     856      33.3291
     857      33.1510
     858      33.2886
     859      33.3638
     860      33.0284
     861      33.0487
     862      33.5307
     863      33.6775
     864      34.2568
     865      34.4163
     866      34.1144
     867      34.0700
     868      34.3586
     869      33.2378
     870      33.9687
     871      33.7171
     872      33.7301
     873      33.0391
     874      33.2217
     875      33.6731
     876      33.2646
     877      33.3112
     878      33.6883
     879      33.8960
     880      34.1628
     881      33.5876
     882      33.9111
     883      34.1818
     884      33.9064
     885      33.5825
     886      33.9610
     887      33.9227
     888      33.9859
     889      34.3934
     890      34.1148
     891      33.8736
     892      33.9903
     893      34.3765
     894      33.9237
     895      33.8096
     896      34.1196
     897      33.8361
     898      33.6972
     899      33.8138
     900      34.2827
     901      33.9918
     902      34.2783
     903      34.1796
     904      33.6944
     905      33.4715
     906      33.3283
     907      33.1163
     908      33.5846
     909      33.2876
     910      33.0986
     911      33.6746
     912      33.9095
     913      33.7056
     914      34.4537
     915      33.6858
     916      34.0299
     917      33.4300
     918      33.9179
     919      33.5123
     920      33.7625
     921      33.9080
     922      33.6345
     923      33.6618
     924      33.1755
     925      33.2875
     926      33.5138
     927      33.0326
     928      33.3833
     929      33.4653
     930      33.1092
     931      33.0980
     932      32.7635
     933      33.2017
     934      32.9423
     935      33.0159
     936      33.2446
     937      32.9356
     938      33.5631
     939      33.4835
     940      33.2065
     941      33.5469
     942      33.3211
     943      33.6753
     944      33.4858
     945      33.9215
     946      33.2305
     947      33.4517
     948      33.6388
     949      33.4292
     950      33.2385
     951      33.5458
     952      33.3854
     953      33.3882
     954      33.1355
     955      33.3304
     956      33.7593
     957      33.4033
     958      33.2792
     959      33.3344
     960      33.0732
     961      33.4961
     962      33.2194
     963      33.2687
     964      33.4411
     965      33.7184
     966      32.9369
     967      32.9268
     968      32.9050
     969      32.9330
     970      32.8428
     971      32.9239
     972      33.2032
     973      33.1089
     974      33.1947
     975      33.2643
     976      33.0716
     977      33.5154
     978      33.0252
     979      33.4331
     980      33.5338
     981      33.1097
     982      33.0320
     983      33.1959
     984      33.3167
     985      33.2303
     986      33.1283
     987      33.3405
     988      33.0009
     989      33.0794
     990      32.8783
     991      33.4561
     992      33.4881
     993      33.5306
     994      33.5621
     995      33.0203
     996      33.1113
     997      33.6690
     998      33.5306
     999      33.6979
    1000      33.6536
    1001      33.3466
    1002      33.3569
    1003      33.0624
    1004      32.8010
    1005      32.6348
    1006      33.2066
    1007      33.1094
    1008      33.4901
    1009      33.3860
    1010      33.2371
    1011      33.9054
    1012      34.0105
    1013      34.3306
    1014      34.1482
    1015      33.5859
    1016      33.8616
    1017      34.2257
    1018      34.3255
    1019      35.1301
    1020      34.7260
    1021      34.6892
    1022      34.6695
    1023      34.0667
    1024      34.0493
    1025      33.5373
    1026      33.9652
    1027      34.0714
    1028      34.7339
    1029      33.9625
    1030      33.7764
    1031      33.7450
    1032      33.6325
    1033      33.8251
    1034      32.9489
    1035      32.9995
    1036      33.0982
    1037      33.1086
    1038      32.9712
    1039      33.1398
    1040      33.3929
    1041      33.6460
    1042      33.3417
    1043      33.9133
    1044      33.7374
    1045      33.9945
    1046      34.1365
    1047      33.9567
    1048      34.4998
    1049      34.8159
    1050      34.8673
    1051      34.4588
    1052      34.3952
