#Frame          ANdis
       1      43.4962
       2      43.4545
       3      42.2341
       4      43.6813
       5      42.2965
       6      42.4196
       7      43.5642
       8      42.5795
       9      42.1407
      10      42.3114
      11      43.1481
      12      42.9451
      13      43.1618
      14      42.9053
      15      43.4741
      16      43.1162
      17      42.4185
      18      41.7007
      19      42.7876
      20      42.8512
      21      42.9389
      22      43.0942
      23      43.1832
      24      43.0534
      25      42.6056
      26      43.0869
      27      42.3654
      28      42.0466
      29      42.4889
      30      42.5803
      31      41.3889
      32      42.3501
      33      42.2775
      34      42.1806
      35      41.1457
      36      41.5342
      37      40.9331
      38      42.5365
      39      43.1723
      40      42.6166
      41      41.0914
      42      41.5642
      43      42.6766
      44      43.2552
      45      42.9523
      46      43.0283
      47      42.4492
      48      41.7610
      49      42.0701
      50      41.3911
      51      41.2518
      52      41.3515
      53      40.3970
      54      40.1469
      55      40.7391
      56      40.9783
      57      40.5542
      58      41.3066
      59      40.7687
      60      40.9052
      61      41.1323
      62      40.6009
      63      41.9961
      64      41.3173
      65      41.2891
      66      41.6183
      67      42.3069
      68      43.4604
      69      41.9568
      70      42.2506
      71      42.9413
      72      42.2502
      73      42.2075
      74      41.8892
      75      42.3109
      76      42.0986
      77      41.1272
      78      42.5885
      79      42.5934
      80      41.9245
      81      41.8737
      82      41.2687
      83      41.4669
      84      40.7662
      85      41.1896
      86      41.2021
      87      40.4590
      88      41.2485
      89      41.9576
      90      41.9208
      91      41.8886
      92      41.9643
      93      42.9800
      94      41.9951
      95      41.4297
      96      41.0372
      97      40.3358
      98      40.2247
      99      41.0709
     100      41.0080
     101      41.6487
     102      40.5119
     103      40.2563
     104      41.2975
     105      41.0737
     106      40.4697
     107      40.2256
     108      39.5098
     109      38.7512
     110      38.8477
     111      38.0746
     112      37.8905
     113      38.1928
     114      38.9133
     115      39.1246
     116      39.7847
     117      39.8876
     118      39.2075
     119      38.4889
     120      38.2005
     121      40.3257
     122      40.0310
     123      39.0635
     124      39.6451
     125      40.4443
     126      39.6718
     127      38.8647
     128      39.0193
     129      38.9919
     130      39.1688
     131      38.4233
     132      39.4162
     133      39.3495
     134      38.8855
     135      38.0246
     136      37.9753
     137      38.1406
     138      38.2070
     139      38.6045
     140      38.2803
     141      38.2147
     142      38.4160
     143      37.5853
     144      39.1890
     145      40.4060
     146      41.4343
     147      42.1999
     148      41.7849
     149      41.5223
     150      41.2591
     151      41.5240
     152      41.4035
     153      40.9780
     154      41.3834
     155      41.2957
     156      41.8994
     157      42.0042
     158      42.2750
     159      41.7577
     160      41.5608
     161      41.1105
     162      41.3983
     163      41.0469
     164      40.2404
     165      40.8850
     166      41.6191
     167      41.9242
     168      42.2423
     169      42.5036
     170      42.8733
     171      41.3909
     172      41.7251
     173      42.3905
     174      41.8386
     175      41.7026
     176      40.8527
     177      40.5348
     178      39.9729
     179      40.0855
     180      39.4824
     181      38.7994
     182      39.8757
     183      39.5356
     184      39.1435
     185      38.8633
     186      39.0135
     187      38.9963
     188      39.7994
     189      40.7881
     190      40.3626
     191      40.0280
     192      40.7881
     193      41.0689
     194      41.1791
     195      41.7182
     196      41.2644
     197      41.2864
     198      42.1932
     199      41.8989
     200      43.3116
     201      44.1706
     202      43.1602
     203      42.5146
     204      42.9058
     205      43.6850
     206      42.2041
     207      41.2539
     208      40.8363
     209      40.5571
     210      41.3238
     211      41.6566
     212      40.1143
     213      40.4956
     214      40.7043
     215      40.7666
     216      40.6246
     217      41.3405
     218      40.0410
     219      40.3121
     220      41.3694
     221      40.4074
     222      40.8266
     223      41.4301
     224      40.0737
     225      39.2050
     226      39.8193
     227      39.6514
     228      40.0429
     229      40.2786
     230      40.4663
     231      40.6324
     232      40.7776
     233      40.1710
     234      41.0516
     235      40.6889
     236      41.1727
     237      39.9062
     238      39.5673
     239      39.5912
     240      39.1799
     241      38.4101
     242      37.4867
     243      38.1097
     244      37.1914
     245      38.1517
     246      37.8589
     247      37.7004
     248      38.6750
     249      38.6159
     250      39.1168
     251      38.9411
     252      38.8059
     253      38.5552
     254      38.5969
     255      38.0078
     256      39.3543
     257      40.3265
     258      40.5782
     259      39.9661
     260      40.4749
     261      40.7595
     262      39.3949
     263      40.2702
     264      39.5812
     265      38.7482
     266      38.6778
     267      38.7810
     268      38.4884
     269      38.1142
     270      38.8197
     271      39.2808
     272      38.7390
     273      39.1079
     274      39.4379
     275      39.6845
     276      39.1150
     277      39.1761
     278      39.4469
     279      38.5701
     280      38.3104
     281      39.1446
     282      39.5171
     283      39.6587
     284      38.6600
     285      38.9385
     286      39.7016
     287      38.9331
     288      38.8983
     289      38.7474
     290      39.2176
     291      39.1488
     292      39.2838
     293      39.8212
     294      39.0629
     295      38.7121
     296      38.4435
     297      39.0441
     298      40.3931
     299      39.9337
     300      40.3122
     301      38.9577
     302      38.6201
     303      39.7750
     304      38.2682
     305      37.7511
     306      37.9649
     307      38.0829
     308      38.6894
     309      37.8426
     310      38.3332
     311      38.3791
     312      38.4798
     313      37.8400
     314      37.9844
     315      38.1033
     316      37.6938
     317      37.8473
     318      37.6966
     319      38.0484
     320      38.6799
     321      38.9820
     322      39.1839
     323      38.4160
     324      38.6697
     325      37.7095
     326      37.8501
     327      36.1511
     328      36.5252
     329      36.0067
     330      36.6592
     331      37.1745
     332      36.9154
     333      36.6358
     334      37.8775
     335      37.5178
     336      37.7360
     337      38.0073
     338      38.7505
     339      39.1029
     340      38.9740
     341      39.4470
     342      39.0824
     343      38.8900
     344      38.9265
     345      39.3966
     346      39.4847
     347      38.8102
     348      39.0017
     349      38.6477
     350      38.0419
     351      38.4267
     352      39.7432
     353      39.8488
     354      38.6809
     355      39.0131
     356      38.5939
     357      38.8147
     358      38.6276
     359      39.0407
     360      38.6921
     361      39.0424
     362      38.6151
     363      38.6747
     364      38.8237
     365      39.1715
     366      39.2095
     367      38.8781
     368      39.4067
     369      39.3573
     370      39.1556
     371      39.4392
     372      39.4935
     373      40.0776
     374      40.3120
     375      39.0023
     376      40.9786
     377      41.0867
     378      41.3002
     379      40.9252
     380      39.6923
     381      39.4558
     382      39.8678
     383      39.1332
     384      38.7132
     385      38.5916
     386      39.0682
     387      38.6825
     388      38.5554
     389      37.1334
     390      38.1805
     391      38.3919
     392      38.4233
     393      37.8449
     394      38.0258
     395      38.7049
     396      38.1592
     397      38.0083
     398      38.1710
     399      38.5972
     400      38.7648
     401      39.3545
     402      38.5940
     403      39.7943
     404      39.7063
     405      39.8961
     406      38.8298
     407      39.2366
     408      39.0930
     409      40.0203
     410      39.6152
     411      39.6793
     412      39.5485
     413      39.0594
     414      39.5406
     415      39.1610
     416      39.6034
     417      39.2904
     418      39.5106
     419      39.0901
     420      38.8204
     421      39.1838
     422      38.3346
     423      38.3328
     424      38.0128
     425      37.7201
     426      36.6328
     427      37.6045
     428      37.8760
     429      38.1997
     430      38.1505
     431      38.2948
     432      38.7366
     433      39.3294
     434      39.2068
     435      38.5238
     436      39.3938
     437      39.4611
     438      39.5070
     439      39.6299
     440      38.5452
     441      38.0052
     442      38.0454
     443      38.4255
     444      37.2005
     445      37.5381
     446      36.9537
     447      36.1630
     448      36.2575
     449      36.5810
     450      35.8641
     451      36.1776
     452      36.2978
     453      36.5537
     454      36.1598
     455      36.7074
     456      36.9243
     457      36.3542
     458      36.7454
     459      36.1138
     460      35.1423
     461      35.4866
     462      35.8210
     463      35.3801
     464      36.3959
     465      37.1080
     466      37.0114
     467      36.9457
     468      35.7947
     469      35.6765
     470      35.5128
     471      35.4924
     472      35.6925
     473      35.8910
     474      36.3158
     475      36.2393
     476      36.7035
     477      35.9741
     478      37.1660
     479      36.9641
     480      36.7447
     481      36.4909
     482      36.8652
     483      36.4387
     484      35.6725
     485      35.9970
     486      36.3892
     487      35.7508
     488      36.5716
     489      36.5273
     490      36.3968
     491      35.5482
     492      35.4574
     493      35.2931
     494      36.4650
     495      36.0843
     496      37.1141
     497      37.2241
     498      36.7808
     499      36.9403
     500      36.4431
     501      37.2532
     502      36.0916
     503      36.2677
     504      36.1737
     505      36.3134
     506      35.3890
     507      35.2830
     508      36.1754
     509      36.3439
     510      36.7898
     511      36.9812
     512      36.6688
     513      37.1088
     514      36.2251
     515      36.5550
     516      36.5638
     517      36.2981
     518      36.4790
     519      35.4173
     520      35.0390
     521      34.8699
     522      34.8415
     523      34.9096
     524      34.0696
     525      34.8824
     526      34.6791
     527      35.2936
     528      35.0484
     529      35.1854
     530      35.6513
     531      35.6774
     532      35.2979
     533      35.6234
     534      35.3457
     535      35.3109
     536      35.2824
     537      35.3093
     538      35.0731
     539      35.9653
     540      36.0385
     541      35.3677
     542      36.0798
     543      35.2221
     544      35.8459
     545      34.7290
     546      35.4800
     547      35.4264
     548      35.6511
     549      35.6955
     550      36.3346
     551      36.1178
     552      35.9819
     553      35.7638
     554      36.1058
     555      36.1959
     556      35.9211
     557      37.2178
     558      36.5736
     559      37.0667
     560      36.5966
     561      36.4834
     562      36.5476
     563      36.8846
     564      37.1982
     565      37.0547
     566      36.7924
     567      36.7664
     568      36.6223
     569      37.3538
     570      36.7328
     571      36.7110
     572      36.5698
     573      35.9994
     574      36.2234
     575      35.6352
     576      36.4182
     577      36.4082
     578      36.5774
     579      35.7209
     580      35.4726
     581      35.6883
     582      35.3343
     583      35.1250
     584      35.4624
     585      34.9598
     586      35.5188
     587      35.7375
     588      36.2993
     589      36.5043
     590      36.3012
     591      35.6826
     592      36.1303
     593      36.5969
     594      35.8435
     595      35.6902
     596      35.3302
     597      35.9262
     598      36.3749
     599      36.2707
     600      37.1898
     601      36.8903
     602      36.7716
     603      36.6089
     604      36.6079
     605      36.5696
     606      36.8151
     607      36.8489
     608      37.0911
     609      37.8828
     610      36.8477
     611      36.8463
     612      36.5248
     613      36.4637
     614      36.3290
     615      36.8012
     616      36.6709
     617      36.1480
     618      36.2236
     619      36.0867
     620      36.5239
     621      36.3230
     622      36.3963
     623      36.3249
     624      36.5576
     625      36.3330
     626      36.8952
     627      36.3438
     628      36.9346
     629      36.6554
     630      36.3324
     631      36.4240
     632      37.1367
     633      36.4177
     634      36.0664
     635      36.5237
     636      36.5823
     637      36.5585
     638      36.2710
     639      36.5164
     640      36.6627
     641      37.0915
     642      36.4856
     643      36.3072
     644      35.9180
     645      35.7684
     646      36.2680
     647      36.1362
     648      36.2608
     649      36.0947
     650      35.7550
     651      36.1507
     652      35.5281
     653      35.4907
     654      35.8980
     655      35.7373
     656      36.3338
     657      36.1535
     658      36.3215
     659      36.0831
     660      36.6516
     661      36.1686
     662      36.1594
     663      35.9435
     664      36.5882
     665      36.9083
     666      36.0982
     667      35.4526
     668      36.0115
     669      35.8298
     670      35.9988
     671      35.4754
     672      35.6126
     673      35.7260
     674      35.8314
     675      35.9730
     676      36.2987
     677      37.0531
     678      35.9603
     679      36.1045
     680      35.9012
     681      35.9241
     682      36.0914
     683      36.4758
     684      36.4687
     685      36.2536
     686      36.6082
     687      36.8746
     688      37.1165
     689      37.7499
     690      37.6987
     691      37.6989
     692      37.2818
     693      38.0222
     694      38.3309
     695      38.4592
     696      37.5984
     697      38.1084
     698      37.7677
     699      37.9451
     700      36.2377
     701      35.9993
     702      36.1152
     703      35.8116
     704      36.3642
     705      36.4317
     706      36.5615
     707      36.4175
     708      36.8936
     709      36.5857
     710      37.7480
     711      37.8247
     712      36.8528
     713      36.3339
     714      36.6038
     715      36.5831
     716      36.5561
     717      36.8722
     718      37.1868
     719      36.4504
     720      36.7380
     721      36.1538
     722      37.0535
     723      36.5246
     724      36.4205
     725      36.7250
     726      36.8102
     727      37.3945
     728      37.1660
     729      36.8909
     730      36.8136
     731      36.8259
     732      37.1965
     733      37.0588
     734      36.7246
     735      36.3743
     736      36.4074
     737      36.7404
     738      36.6232
     739      37.2940
     740      36.8780
     741      36.7632
     742      36.5070
     743      36.7830
     744      36.6245
     745      37.0347
     746      36.7483
     747      37.0368
     748      37.0835
     749      37.0674
     750      36.6735
     751      37.2056
     752      36.7240
     753      36.4803
     754      36.4452
     755      36.8723
     756      36.6858
     757      36.8988
     758      36.9838
     759      36.9125
     760      36.6048
     761      36.1070
     762      36.6299
     763      36.5970
     764      36.4327
     765      36.4052
     766      36.4168
     767      36.3495
     768      36.7113
     769      36.9073
     770      36.2521
     771      36.6132
     772      36.2462
     773      36.6056
     774      36.5194
     775      36.5555
     776      36.9997
     777      37.2464
     778      36.6524
     779      37.1634
     780      36.8025
     781      36.8232
     782      36.4694
     783      36.4066
     784      36.7569
     785      36.6970
     786      35.9517
     787      36.5572
     788      36.7799
     789      36.2098
     790      36.5666
     791      36.9991
     792      35.7990
     793      35.9640
     794      36.0348
     795      36.1990
     796      36.1735
     797      36.0640
     798      35.5514
     799      35.9408
     800      36.2043
     801      36.2373
     802      36.7123
     803      37.0370
     804      36.5324
     805      36.4975
     806      36.1847
     807      36.8056
     808      36.5640
     809      36.1220
     810      35.9977
     811      36.1036
     812      35.8947
     813      35.7869
     814      35.9985
     815      35.6826
     816      35.8178
     817      36.0733
     818      36.6747
     819      36.8744
     820      36.1973
     821      35.6438
     822      36.2690
     823      36.0678
     824      36.4351
     825      36.9971
     826      37.8550
     827      37.3139
     828      37.0662
     829      37.3592
     830      36.9286
     831      36.7614
     832      36.4179
     833      36.3357
     834      36.4298
     835      36.2247
     836      36.1761
     837      36.4144
     838      36.5222
     839      36.8792
     840      36.4174
     841      36.7442
     842      35.7403
     843      36.1758
     844      36.0660
     845      35.5808
     846      36.1209
     847      36.1136
     848      36.2717
     849      36.0306
     850      36.2931
     851      36.6365
     852      36.5654
     853      36.3091
     854      36.6063
     855      36.6133
     856      36.0712
     857      37.0046
     858      36.6273
     859      36.8717
     860      35.9204
     861      36.1347
     862      36.3165
     863      36.4453
     864      36.4868
     865      36.1919
     866      36.5030
     867      36.6816
     868      35.9003
     869      36.9968
     870      37.1270
     871      37.1775
     872      36.6633
     873      36.7896
     874      36.9240
     875      36.9700
     876      36.7281
     877      36.7503
     878      36.8291
     879      36.6177
     880      36.4907
     881      36.9466
     882      36.7566
     883      37.0599
     884      37.5117
     885      36.6827
     886      36.4660
     887      36.5783
     888      36.4848
     889      36.2930
     890      35.5271
     891      36.3976
     892      36.2739
     893      36.5672
     894      36.9064
     895      36.8073
     896      36.6383
     897      36.6894
     898      36.8271
     899      36.8220
     900      37.1232
     901      37.3211
     902      36.7614
     903      36.1554
     904      36.4817
     905      36.5896
     906      36.4685
     907      36.4499
     908      36.9936
     909      37.1170
     910      36.6316
     911      37.4615
     912      37.0203
     913      37.2413
     914      36.6500
     915      36.7396
     916      36.6388
     917      36.8824
     918      36.7436
     919      37.0283
     920      37.1419
     921      36.8352
     922      36.9579
     923      37.0055
     924      36.7193
     925      37.0654
     926      37.0646
     927      36.8203
     928      36.9220
     929      36.8557
     930      37.1543
     931      37.1286
     932      37.3850
     933      36.7454
     934      36.7382
     935      36.8089
     936      36.3445
     937      36.1876
     938      35.9247
     939      35.9616
     940      35.6802
     941      36.2978
     942      35.4953
     943      35.9089
     944      35.9612
     945      36.2156
     946      35.9919
     947      36.1484
     948      36.0736
     949      36.7314
     950      36.6673
     951      36.4042
     952      36.4740
     953      36.7087
     954      36.7654
     955      36.8343
     956      36.2808
     957      36.6485
     958      36.4418
     959      36.5771
     960      36.7122
     961      36.7861
     962      35.9296
     963      36.6119
     964      36.0815
     965      36.1495
     966      36.4311
     967      37.2099
     968      37.2053
     969      36.9481
     970      37.0659
     971      37.0134
     972      37.0878
     973      36.7097
     974      37.1889
     975      36.5476
     976      36.6658
     977      36.5065
     978      36.7240
     979      36.2912
     980      35.7425
     981      36.5150
     982      36.5348
     983      37.0275
     984      36.5579
     985      36.5517
     986      36.4378
     987      36.7215
     988      36.7412
     989      36.5052
     990      35.8660
     991      36.6260
     992      36.8078
     993      36.8451
     994      37.2854
     995      36.4365
     996      36.8019
     997      36.2457
     998      36.1202
     999      36.6858
    1000      36.8448
    1001      36.2846
    1002      36.7356
    1003      36.6986
    1004      36.7330
    1005      36.7807
    1006      37.0043
    1007      36.7304
    1008      37.0655
    1009      36.5051
    1010      36.4637
    1011      36.3993
    1012      37.1902
    1013      36.7053
    1014      36.7615
    1015      36.3557
    1016      36.6877
    1017      36.2221
    1018      36.2040
    1019      36.7959
    1020      36.6154
    1021      36.7972
    1022      37.6131
    1023      37.5007
    1024      37.2801
    1025      35.9563
    1026      35.7118
    1027      37.1310
    1028      36.8257
    1029      36.7241
    1030      36.5635
    1031      37.0118
    1032      36.9759
    1033      36.6602
    1034      36.5359
    1035      36.5994
    1036      36.3259
    1037      36.3423
    1038      36.6535
    1039      36.6385
    1040      36.6942
    1041      36.4121
    1042      36.7872
    1043      36.7638
    1044      36.6201
    1045      36.6203
    1046      36.7873
    1047      36.5259
    1048      37.1029
    1049      37.2157
    1050      36.6527
    1051      37.0990
    1052      37.4715
    1053      37.3176
    1054      36.9513
    1055      37.4042
    1056      38.4546
    1057      37.9305
    1058      38.0592
    1059      37.1866
    1060      37.3724
    1061      37.2460
    1062      37.0657
    1063      37.0935
    1064      37.0872
    1065      36.4990
