#Frame          ANdis
       1      43.3043
       2      42.6050
       3      42.0269
       4      41.6817
       5      41.6136
       6      41.3013
       7      42.3234
       8      41.6944
       9      41.5869
      10      41.2162
      11      42.4495
      12      42.6836
      13      42.6610
      14      41.7173
      15      42.4800
      16      42.5119
      17      44.3176
      18      44.7392
      19      43.9713
      20      43.9656
      21      42.6814
      22      42.9580
      23      42.5900
      24      43.2370
      25      44.3828
      26      45.2190
      27      43.2412
      28      43.6571
      29      44.2827
      30      43.3333
      31      43.5301
      32      43.4798
      33      43.3161
      34      43.1708
      35      42.3458
      36      42.8191
      37      43.2128
      38      44.2298
      39      42.8013
      40      42.9695
      41      43.7951
      42      44.6933
      43      44.7666
      44      43.8456
      45      44.7042
      46      43.5347
      47      42.0061
      48      41.6135
      49      41.7927
      50      41.5840
      51      41.4605
      52      41.2774
      53      41.2592
      54      41.4015
      55      40.5712
      56      39.7269
      57      41.3847
      58      40.9667
      59      40.5371
      60      40.2983
      61      40.5099
      62      41.8926
      63      40.8841
      64      40.4923
      65      39.7392
      66      41.1566
      67      41.8114
      68      41.5274
      69      41.7071
      70      41.4848
      71      41.9069
      72      41.1745
      73      40.7606
      74      39.8700
      75      41.0354
      76      41.1542
      77      40.8640
      78      41.2224
      79      41.6460
      80      40.7988
      81      40.8389
      82      41.7052
      83      41.8681
      84      41.5599
      85      41.4585
      86      42.5687
      87      42.3962
      88      41.4175
      89      42.1603
      90      42.4886
      91      42.4905
      92      41.9795
      93      41.7081
      94      42.4428
      95      42.7700
      96      41.3473
      97      41.4937
      98      41.1169
      99      40.3930
     100      40.5102
     101      39.4304
     102      40.0983
     103      39.3122
     104      39.7228
     105      40.4038
     106      41.0318
     107      40.7800
     108      41.1606
     109      39.8964
     110      40.5999
     111      40.7538
     112      41.0180
     113      40.4431
     114      40.2789
     115      40.3089
     116      40.2245
     117      39.8030
     118      40.6721
     119      40.7866
     120      40.6827
     121      41.3776
     122      39.5117
     123      40.5493
     124      41.8118
     125      41.0043
     126      41.3190
     127      41.8518
     128      41.0719
     129      41.3670
     130      40.4635
     131      40.6646
     132      39.8965
     133      39.9506
     134      39.4106
     135      39.1720
     136      40.3207
     137      39.9663
     138      40.3490
     139      41.4211
     140      41.1556
     141      41.0343
     142      41.0629
     143      41.3985
     144      40.6003
     145      41.3160
     146      41.4513
     147      40.7363
     148      40.3947
     149      40.4706
     150      40.6589
     151      39.6493
     152      40.7693
     153      40.6518
     154      40.9005
     155      40.9439
     156      40.3011
     157      40.9269
     158      40.5252
     159      40.3161
     160      41.2973
     161      42.0044
     162      41.7989
     163      42.7261
     164      41.8525
     165      42.0939
     166      42.0269
     167      41.8836
     168      42.3261
     169      41.1866
     170      42.6666
     171      41.8108
     172      41.6347
     173      43.3915
     174      43.9867
     175      43.8533
     176      43.8533
     177      43.2432
     178      42.7646
     179      41.7782
     180      42.8212
     181      42.5986
     182      41.8171
     183      40.8985
     184      39.4646
     185      40.2795
     186      40.3436
     187      39.3912
     188      39.7978
     189      38.9318
     190      38.4970
     191      38.7324
     192      39.2008
     193      38.8428
     194      38.2899
     195      37.9810
     196      37.7941
     197      38.0682
     198      37.6939
     199      38.9258
     200      38.0106
     201      38.8527
     202      38.3732
     203      37.9596
     204      37.8588
     205      38.2137
     206      38.1941
     207      38.3019
     208      38.7887
     209      38.2809
     210      38.0587
     211      37.5579
     212      39.1677
     213      38.0882
     214      38.0502
     215      38.0422
     216      36.8359
     217      37.8908
     218      37.9458
     219      37.4907
     220      37.7623
     221      37.1734
     222      37.9073
     223      37.6981
     224      38.3834
     225      38.5521
     226      38.7993
     227      38.4554
     228      38.5104
     229      38.9471
     230      38.0640
     231      37.6188
     232      37.3791
     233      37.0013
     234      37.1229
     235      37.2725
     236      37.5513
     237      37.3428
     238      36.9466
     239      38.0127
     240      37.2747
     241      37.0563
     242      36.8621
     243      37.4170
     244      37.0044
     245      36.9156
     246      37.0207
     247      36.0915
     248      36.6063
     249      37.2985
     250      37.8822
     251      37.5547
     252      37.8962
     253      38.2539
     254      39.0169
     255      38.9869
     256      38.0477
     257      36.9302
     258      36.9934
     259      36.7819
     260      36.4267
     261      36.6187
     262      36.5796
     263      36.3249
     264      36.9513
     265      37.2766
     266      36.4279
     267      36.2470
     268      35.6152
     269      35.9276
     270      36.3037
     271      36.5218
     272      36.8993
     273      35.8829
     274      36.1229
     275      36.1481
     276      36.1699
     277      36.2269
     278      35.8737
     279      36.8032
     280      36.3405
     281      36.4579
     282      37.0742
     283      36.2783
     284      36.7440
     285      36.6453
     286      36.1832
     287      36.8703
     288      37.2143
     289      37.7439
     290      36.2674
     291      35.8344
     292      35.8114
     293      36.2787
     294      35.4474
     295      35.2507
     296      35.5538
     297      35.8309
     298      35.5341
     299      35.4770
     300      36.1394
     301      36.0832
     302      36.5449
     303      35.7364
     304      36.6722
     305      36.6643
     306      36.2887
     307      36.7929
     308      36.4661
     309      36.6432
     310      37.2578
     311      36.1373
     312      36.2028
     313      36.4643
     314      36.1260
     315      36.2226
     316      35.8355
     317      36.1535
     318      36.1718
     319      36.5843
     320      37.0646
     321      37.7346
     322      37.0386
     323      37.8513
     324      37.4440
     325      36.6507
     326      35.7358
     327      36.9103
     328      36.5989
     329      36.4740
     330      36.4602
     331      36.4107
     332      35.8571
     333      36.7849
     334      37.3916
     335      36.9858
     336      37.3874
     337      37.3365
     338      36.8617
     339      37.4009
     340      37.4618
     341      37.8199
     342      37.0879
     343      36.9559
     344      36.3893
     345      36.1890
     346      36.4824
     347      36.4141
     348      35.8391
     349      36.2963
     350      36.7364
     351      37.0748
     352      36.8625
     353      36.5156
     354      37.1769
     355      36.9976
     356      36.7781
     357      36.4725
     358      36.4968
     359      37.0219
     360      36.2912
     361      36.6596
     362      36.0959
     363      35.2380
     364      35.5355
     365      35.9509
     366      35.5100
     367      36.1703
     368      35.6627
     369      35.8684
     370      36.1240
     371      35.5989
     372      34.9687
     373      35.4531
     374      35.1888
     375      35.9287
     376      35.7174
     377      35.6477
     378      35.7612
     379      36.0259
     380      35.9019
     381      35.6266
     382      36.0346
     383      36.0503
     384      36.1852
     385      35.9957
     386      36.3101
     387      35.6898
     388      36.1680
     389      36.0760
     390      36.0944
     391      35.5149
     392      35.6597
     393      35.8966
     394      36.0200
     395      35.9281
     396      35.6270
     397      35.9076
     398      35.8427
     399      36.0299
     400      35.5968
     401      35.5295
     402      35.9533
     403      36.2244
     404      35.6942
     405      35.7193
     406      36.2422
     407      35.7461
     408      36.1585
     409      36.1847
     410      35.8698
     411      35.5259
     412      35.6218
     413      36.4105
     414      35.6389
     415      35.7767
     416      35.7207
     417      35.3358
     418      35.5969
     419      37.0683
     420      36.6688
     421      36.5010
     422      36.1979
     423      36.6594
     424      36.2602
     425      35.9847
     426      35.8780
     427      36.1900
     428      36.4211
     429      37.3262
     430      35.7529
     431      35.9972
     432      36.3911
     433      35.8753
     434      36.5714
     435      35.9685
     436      36.2923
     437      36.5129
     438      35.9290
     439      35.4574
     440      34.5394
     441      34.5234
     442      34.6756
     443      34.4251
     444      34.5232
     445      33.5867
     446      33.9152
     447      34.5727
     448      34.0989
     449      34.2072
     450      33.7220
     451      33.5244
     452      33.6744
     453      34.2731
     454      33.9854
     455      33.6836
     456      34.0283
     457      34.0390
     458      33.9610
     459      34.0816
     460      34.5063
     461      34.1982
     462      33.9381
     463      33.7235
     464      34.3742
     465      34.3372
     466      34.0167
     467      34.4807
     468      34.3561
     469      34.5123
     470      33.8851
     471      33.9647
     472      33.5158
     473      34.2778
     474      34.3893
     475      34.4033
     476      33.9974
     477      34.1120
     478      34.0523
     479      34.0477
     480      33.7500
     481      33.9750
     482      33.5793
     483      33.7992
     484      33.9548
     485      34.3836
     486      34.3085
     487      34.5396
     488      34.4602
     489      34.3087
     490      34.5639
     491      34.2974
     492      34.2473
     493      34.1169
     494      34.8760
     495      35.2617
     496      35.5470
     497      35.2080
     498      34.9111
     499      35.1238
     500      34.6903
     501      35.4102
     502      35.5053
     503      36.4717
     504      36.4456
     505      35.6790
     506      36.0448
     507      37.0517
     508      36.2480
     509      36.1711
     510      36.4060
     511      35.8979
     512      35.9766
     513      36.3274
     514      36.4217
     515      37.1510
     516      36.2586
     517      37.2688
     518      36.7276
     519      36.6238
     520      36.8096
     521      36.2222
     522      36.5464
     523      36.1161
     524      36.7406
     525      36.0892
     526      36.4659
     527      36.4448
     528      36.4572
     529      36.8481
     530      35.5252
     531      35.9858
     532      36.5116
     533      36.1303
     534      35.1757
     535      35.4415
     536      35.5028
     537      35.8346
     538      35.8146
     539      35.7145
     540      35.8646
     541      36.4194
     542      35.9387
     543      36.6989
     544      37.5302
     545      37.6675
     546      37.0807
     547      36.9977
     548      36.8635
     549      36.7866
     550      37.3688
     551      35.8970
     552      36.4087
     553      36.9568
     554      36.5345
     555      36.6402
     556      37.4224
     557      37.5531
     558      37.3819
     559      37.6275
     560      36.9616
     561      36.8621
     562      37.3261
     563      37.2565
     564      37.1179
     565      38.1246
     566      38.7652
     567      39.4027
     568      39.1043
     569      39.0358
     570      38.4642
     571      38.5845
     572      39.0943
     573      38.7520
     574      38.5580
     575      38.8369
     576      38.0224
     577      39.0468
     578      38.0755
     579      37.0718
     580      36.7803
     581      36.1216
     582      36.2626
     583      36.4546
     584      36.2556
     585      35.8327
     586      36.3469
     587      36.7637
     588      36.3362
     589      36.7887
     590      37.1839
     591      36.4952
     592      37.2064
     593      37.0854
     594      36.7296
     595      37.0784
     596      37.7798
     597      37.0900
     598      37.0995
     599      38.4392
     600      37.2551
     601      37.8220
     602      36.6102
     603      36.5251
     604      35.7933
     605      36.1885
     606      35.4525
     607      35.4916
     608      35.5802
     609      35.8635
     610      35.3764
     611      35.7602
     612      35.8713
     613      35.6014
     614      35.7811
     615      36.0301
     616      36.5853
     617      36.4368
     618      36.7645
     619      36.2853
     620      37.3760
     621      37.1521
     622      36.8746
     623      37.1510
     624      36.8472
     625      36.6251
     626      36.7749
     627      36.5932
     628      36.9487
     629      37.2033
     630      36.9500
     631      36.1102
     632      36.3314
     633      36.5030
     634      36.5004
     635      36.5956
     636      36.6140
     637      37.0174
     638      36.9771
     639      37.2335
     640      37.2575
     641      37.1051
     642      37.3764
     643      37.2854
     644      37.4236
     645      36.7434
     646      37.6682
     647      36.7112
     648      37.1442
     649      37.2426
     650      36.9062
     651      37.3032
     652      37.7562
     653      37.0340
     654      36.5891
     655      36.4701
     656      36.3423
     657      36.7633
     658      36.4455
     659      36.9980
     660      36.1511
     661      37.3219
     662      37.2311
     663      37.0285
     664      36.8227
     665      36.9384
     666      36.7559
     667      36.9837
     668      37.8392
     669      37.1344
     670      37.5727
     671      37.4438
     672      37.8936
     673      38.0088
     674      37.3702
     675      37.2522
     676      36.7171
     677      36.6547
     678      37.0904
     679      37.5531
     680      37.0523
     681      37.1620
     682      36.4839
     683      37.0453
     684      37.0453
     685      37.4282
     686      37.3312
     687      37.4048
     688      37.0498
     689      36.7878
     690      36.4903
     691      37.1974
     692      37.0490
     693      36.8172
     694      36.5249
     695      36.7214
     696      36.1225
     697      36.1549
     698      36.1426
     699      36.3858
     700      36.7424
     701      36.2067
     702      36.4324
     703      36.2575
     704      35.7415
     705      35.7503
     706      35.7089
     707      35.9591
     708      35.9061
     709      36.5481
     710      36.7660
     711      36.7210
     712      37.3965
     713      37.5457
     714      36.8346
     715      36.4123
     716      35.5938
     717      35.6880
     718      35.8111
     719      36.8088
     720      36.2175
     721      36.7238
     722      36.2267
     723      36.0929
     724      35.8695
     725      36.1014
     726      36.9027
     727      36.5886
     728      36.7254
     729      35.9031
     730      36.4124
     731      36.7547
     732      36.8160
     733      37.1239
     734      36.3628
     735      36.4031
     736      36.9154
     737      37.0796
     738      37.2028
     739      36.6799
     740      36.8461
     741      37.0339
     742      36.7243
     743      36.5299
     744      36.2890
     745      36.3823
     746      36.7699
     747      36.2889
     748      36.3347
     749      36.1287
     750      36.3053
     751      36.2304
     752      36.4480
     753      35.5203
     754      35.9965
     755      36.6754
     756      36.2630
     757      35.7762
     758      36.1356
     759      36.0191
     760      36.3385
     761      36.4300
     762      36.2812
     763      36.5263
     764      36.6796
     765      36.2976
     766      36.9236
     767      36.7230
     768      36.5225
     769      36.0930
     770      35.8647
     771      37.2044
     772      36.6654
     773      37.0104
     774      36.6426
     775      36.5311
     776      36.7606
     777      36.5112
     778      36.8420
     779      36.8445
     780      35.9256
     781      35.8775
     782      36.1223
     783      36.2616
     784      35.9531
     785      36.7452
     786      36.3361
     787      37.1782
     788      36.8688
     789      36.4389
     790      36.4989
     791      36.5714
     792      36.8286
     793      36.3329
     794      36.8339
     795      36.4502
     796      36.8914
     797      36.9115
     798      36.9713
     799      37.2947
     800      37.0170
     801      36.6944
     802      37.1299
     803      36.5780
     804      37.0998
     805      36.5556
     806      37.0974
     807      36.8441
     808      36.4758
     809      36.9136
     810      37.3301
     811      36.9541
     812      36.1630
     813      36.0065
     814      35.7924
     815      36.4303
     816      36.7859
     817      36.6801
     818      36.2039
     819      36.4971
     820      36.2384
     821      36.5950
     822      35.7618
     823      36.1976
     824      36.6003
     825      36.5313
     826      36.2364
     827      36.3924
     828      36.6789
     829      35.8344
     830      36.2236
     831      36.3459
     832      36.2540
     833      36.2727
     834      36.3225
     835      37.1528
     836      37.4600
     837      38.0314
     838      38.2062
     839      37.9921
     840      36.9751
     841      36.4022
     842      35.3983
     843      35.5374
     844      35.6274
     845      35.4307
     846      35.4695
     847      35.4429
     848      35.6100
     849      35.8061
     850      36.3572
     851      37.0239
     852      36.5844
     853      36.2947
     854      36.2358
     855      36.5245
     856      36.1762
     857      35.9887
     858      36.8688
     859      36.6843
     860      37.0464
     861      36.6398
     862      36.8216
     863      37.5513
     864      37.8609
     865      36.9863
     866      36.4215
     867      36.5132
     868      36.9657
     869      36.4775
     870      36.4956
     871      36.7419
     872      36.3851
     873      36.9724
     874      37.4039
     875      36.4128
     876      37.4057
     877      37.2951
     878      37.3954
     879      36.8624
     880      37.3922
     881      36.9345
     882      36.6511
     883      36.5484
     884      36.4586
     885      37.0123
     886      36.5436
     887      36.3257
     888      36.6316
     889      36.8915
     890      37.0453
     891      37.0011
     892      37.0642
     893      36.8075
     894      36.5623
     895      36.6759
     896      37.3769
     897      36.9442
     898      38.0351
     899      36.9780
     900      37.7585
     901      37.8083
     902      37.4267
     903      37.2113
     904      37.0742
     905      36.7264
     906      36.7501
     907      36.4431
     908      36.8471
     909      36.5453
     910      36.8983
     911      36.3400
     912      36.7029
     913      37.0295
     914      36.6630
     915      37.0440
     916      36.9280
     917      37.0398
     918      37.3698
     919      37.4900
     920      37.1495
     921      37.1195
     922      37.0105
     923      36.3612
     924      36.0509
     925      36.0554
     926      36.2893
     927      36.3395
     928      36.9366
     929      36.8989
     930      36.7085
     931      36.1873
     932      35.7858
     933      35.8178
     934      35.6006
     935      35.4053
     936      35.1601
     937      35.3106
     938      35.2574
     939      34.9756
     940      35.0391
     941      35.2712
     942      35.5371
     943      34.9263
     944      34.8837
     945      35.4916
     946      35.6756
     947      35.2251
     948      35.0297
     949      35.5131
     950      35.3348
     951      34.7994
     952      34.5267
     953      34.6920
     954      35.6388
     955      35.8576
     956      36.0847
     957      36.1936
     958      36.1735
     959      36.1668
     960      35.9874
     961      36.4843
     962      36.8635
     963      37.0878
     964      36.9360
     965      36.7212
     966      35.9134
     967      35.7712
     968      36.1224
     969      36.6054
     970      36.7835
     971      36.4209
     972      36.2173
     973      36.1977
     974      36.5241
     975      36.4969
     976      36.3473
     977      36.5361
     978      36.2198
     979      36.9638
     980      36.4468
     981      36.0851
     982      36.1657
     983      36.4892
     984      36.6510
     985      36.5791
     986      36.2101
     987      36.4600
     988      36.0182
     989      36.4692
     990      36.5184
     991      36.2710
     992      36.1734
     993      36.3482
     994      35.9785
     995      36.5796
     996      36.6582
     997      36.7753
     998      35.7172
     999      36.3411
    1000      36.5895
    1001      36.9097
    1002      36.5115
    1003      36.6183
    1004      36.4649
    1005      36.3689
    1006      35.8774
    1007      35.9870
    1008      36.4731
    1009      36.6838
    1010      37.0924
    1011      37.0033
    1012      37.2194
    1013      36.6816
    1014      36.7123
    1015      37.0386
    1016      36.4191
    1017      36.8993
    1018      36.7548
    1019      36.4704
    1020      36.4060
    1021      36.9358
    1022      36.5999
    1023      36.6981
    1024      37.1061
    1025      36.5574
    1026      36.9331
    1027      36.6939
    1028      37.5928
    1029      37.6966
    1030      37.1798
    1031      37.3396
    1032      36.9819
    1033      36.7700
    1034      37.2521
    1035      37.2882
    1036      37.4596
    1037      36.7855
    1038      36.7355
    1039      36.8093
    1040      36.9016
    1041      36.9864
    1042      36.3677
    1043      36.5679
    1044      36.7592
    1045      37.1506
    1046      36.9448
    1047      36.9024
    1048      36.8635
    1049      37.2858
    1050      36.4150
    1051      36.1602
    1052      36.9342
    1053      36.8442
    1054      36.4957
    1055      36.4190
    1056      36.9548
    1057      37.1199
    1058      36.8359
    1059      36.4995
    1060      36.7372
    1061      36.5204
    1062      36.4388
    1063      36.9807
    1064      36.8737
    1065      36.4288
    1066      36.9094
    1067      36.5849
    1068      36.9664
    1069      36.8730
    1070      36.5652
    1071      37.1330
    1072      36.6105
    1073      37.3779
    1074      37.1817
    1075      37.7395
    1076      37.4225
    1077      37.1698
    1078      36.8347
    1079      37.7186
    1080      37.3295
    1081      37.6112
    1082      36.8427
    1083      38.1163
    1084      37.7878
    1085      38.1208
    1086      38.4078
    1087      38.4748
    1088      38.6156
    1089      38.3910
    1090      37.2769
    1091      37.7237
    1092      37.0317
    1093      37.0596
    1094      36.5282
    1095      36.8497
    1096      36.8101
    1097      36.4119
    1098      37.2006
    1099      37.9647
    1100      38.0506
    1101      38.7835
    1102      37.9843
    1103      39.0378
    1104      38.2775
    1105      38.9025
    1106      38.7878
    1107      38.4404
    1108      38.6183
    1109      38.5188
    1110      37.8628
    1111      37.2247
    1112      37.7126
    1113      37.0023
    1114      37.1912
    1115      37.0205
    1116      37.4429
    1117      37.3471
    1118      37.1812
    1119      37.4604
    1120      36.8848
    1121      36.3146
    1122      36.8612
    1123      37.1016
    1124      36.4399
    1125      36.8491
    1126      36.5148
    1127      37.3626
    1128      36.5099
    1129      36.9455
    1130      35.4559
    1131      35.8352
    1132      35.5454
    1133      35.4009
    1134      36.1992
    1135      35.8971
    1136      35.7829
    1137      35.6647
    1138      36.0541
    1139      36.2327
    1140      36.2611
    1141      35.7730
    1142      36.0555
    1143      35.7101
    1144      35.8475
    1145      36.3764
    1146      35.6930
    1147      36.1184
    1148      35.7550
    1149      35.7637
    1150      35.6408
    1151      35.9776
    1152      36.2434
    1153      36.2165
    1154      35.9262
    1155      36.1721
    1156      36.4509
    1157      36.0605
    1158      36.0336
    1159      35.6461
    1160      35.5023
    1161      35.4536
    1162      35.9308
    1163      36.4790
    1164      36.1303
    1165      36.8644
    1166      36.3609
    1167      36.4488
    1168      35.9253
    1169      36.1230
    1170      36.2810
    1171      36.8239
    1172      36.4604
    1173      35.9780
    1174      36.6813
    1175      35.9701
    1176      36.2036
    1177      36.3370
    1178      35.9837
    1179      36.1247
    1180      36.2471
    1181      36.0252
    1182      36.1781
    1183      35.4542
    1184      35.4268
    1185      35.6758
    1186      35.7481
    1187      35.7665
    1188      35.7600
    1189      35.5164
    1190      35.4294
    1191      35.5609
    1192      35.9014
    1193      36.1482
    1194      36.2265
    1195      36.3376
    1196      35.7582
    1197      35.8639
    1198      36.0971
    1199      35.6389
    1200      35.8308
