#Frame          ANdis
       1      36.2989
       2      36.4503
       3      36.1034
       4      36.4208
       5      35.8283
       6      35.0471
       7      35.1289
       8      34.8645
       9      34.5797
      10      35.4553
      11      35.1165
      12      35.1863
      13      35.0841
      14      35.8280
      15      35.0857
      16      35.8210
      17      35.4586
      18      35.0723
      19      35.4494
      20      35.3728
      21      35.2367
      22      35.3126
      23      35.0043
      24      34.9147
      25      34.7727
      26      34.0680
      27      34.0204
      28      34.1645
      29      33.8561
      30      34.4655
      31      34.3817
      32      34.7110
      33      34.6442
      34      35.5798
      35      36.6772
      36      36.6639
      37      36.2706
      38      35.2348
      39      34.8000
      40      34.9929
      41      34.9840
      42      35.2500
      43      35.7927
      44      35.9625
      45      35.5008
      46      35.5226
      47      35.3325
      48      35.3372
      49      35.4505
      50      35.1946
      51      34.7554
      52      35.3390
      53      35.5502
      54      35.7602
      55      35.1625
      56      35.4950
      57      35.4113
      58      35.1186
      59      35.3062
      60      35.4226
      61      35.0357
      62      35.2121
      63      34.9990
      64      35.2542
      65      36.0971
      66      35.9663
      67      35.9880
      68      36.4808
      69      36.8957
      70      36.8782
      71      36.2181
      72      37.3741
      73      36.9321
      74      36.8756
      75      37.1226
      76      36.6505
      77      36.8586
      78      36.2644
      79      36.5835
      80      36.4232
      81      36.3595
      82      36.3362
      83      36.4114
      84      37.1263
      85      36.5304
      86      37.0115
      87      36.0799
      88      36.3484
      89      36.4040
      90      36.6656
      91      35.7413
      92      36.3330
      93      36.2734
      94      36.3139
      95      36.3657
      96      36.1186
      97      36.0915
      98      36.4975
      99      35.9084
     100      36.8092
     101      36.9441
     102      37.2714
     103      37.2577
     104      36.8641
     105      36.7434
     106      37.2608
     107      37.0291
     108      37.6438
     109      37.3156
     110      37.0776
     111      36.4615
     112      36.2019
     113      35.9894
     114      36.0654
     115      36.3000
     116      36.0789
     117      36.2937
     118      36.8389
     119      36.4308
     120      36.4376
     121      36.0675
     122      36.3641
     123      36.1213
     124      35.6850
     125      35.6088
     126      35.9610
     127      35.8012
     128      35.7375
     129      35.8922
     130      35.9792
     131      35.7572
     132      36.0164
     133      35.9391
     134      36.1853
     135      36.2948
     136      35.9855
     137      36.3308
     138      36.5154
     139      36.4584
     140      36.6536
     141      35.9807
     142      36.4145
     143      36.7863
     144      37.2425
     145      37.0538
     146      36.6878
     147      36.6556
     148      36.7970
     149      36.5521
     150      36.8334
     151      36.8675
     152      37.1145
     153      36.4629
     154      36.7956
     155      36.6460
     156      36.3167
     157      36.8147
     158      37.1096
     159      36.6685
     160      36.6665
     161      36.4658
     162      36.5915
     163      36.3590
     164      36.4874
     165      36.0415
     166      36.4078
     167      36.6740
     168      37.2307
     169      36.9345
     170      36.7671
     171      37.1522
     172      36.6351
     173      36.6619
     174      36.4486
     175      36.4283
     176      36.4913
     177      36.7707
     178      37.2636
     179      36.6952
     180      35.9541
     181      36.2197
     182      36.1482
     183      36.1765
     184      36.3127
     185      36.3461
     186      36.3784
     187      36.7109
     188      36.4815
     189      36.1376
     190      36.6340
     191      36.4226
     192      36.6725
     193      36.3647
     194      36.1727
     195      35.9624
     196      35.9890
     197      35.9286
     198      35.7777
     199      35.6453
     200      35.3936
     201      35.7597
     202      35.9334
     203      35.9360
     204      36.3542
     205      35.9242
     206      35.9424
     207      35.9072
     208      35.6031
     209      35.8265
     210      35.9126
     211      36.5156
     212      35.9396
     213      35.7511
     214      35.3358
     215      35.5347
     216      35.8972
     217      35.2834
     218      34.9383
     219      34.9114
     220      35.1967
     221      34.9852
     222      34.9999
     223      35.6569
     224      35.3451
     225      35.6217
     226      35.0891
     227      35.2729
     228      35.2816
     229      35.2193
     230      35.5786
     231      35.4728
     232      35.0555
     233      35.6153
     234      35.4029
     235      35.7518
     236      35.5603
     237      35.8062
     238      35.9309
     239      35.8443
     240      36.1394
     241      35.7673
     242      36.5302
     243      36.1143
     244      36.0293
     245      35.5907
     246      36.0032
     247      35.3951
     248      35.4573
     249      35.3594
     250      35.5545
     251      35.3350
     252      35.3293
     253      35.5545
     254      35.4130
     255      35.1842
     256      35.2155
     257      34.9562
     258      35.0134
     259      35.2057
     260      35.4794
     261      35.8249
     262      35.4636
     263      35.6371
     264      35.2148
     265      35.7315
     266      34.6256
     267      34.9291
     268      34.7327
     269      34.8388
     270      34.8376
     271      34.3155
     272      34.4883
     273      34.4662
     274      34.5522
     275      34.7665
     276      35.0720
     277      34.8396
     278      34.5200
     279      34.7007
     280      34.3411
     281      34.3275
     282      34.6442
     283      34.0548
     284      34.4893
     285      34.5700
     286      34.9185
     287      34.6227
     288      34.8336
     289      34.3976
     290      34.2924
     291      34.3386
     292      33.7626
     293      33.6970
     294      33.5474
     295      33.8742
     296      33.3102
     297      33.1906
     298      33.5501
     299      33.7966
     300      33.7430
     301      33.5672
     302      33.4871
     303      33.2654
     304      33.3311
     305      33.5934
     306      33.6284
     307      33.1750
     308      32.7924
     309      33.0928
     310      33.1502
     311      32.4392
     312      32.6593
     313      32.2302
     314      32.6219
     315      32.8296
     316      32.4625
     317      32.8605
     318      33.0206
     319      33.2166
     320      32.9134
     321      33.1622
     322      33.2056
     323      33.6801
     324      33.8336
     325      33.4435
     326      33.4167
     327      32.9578
     328      32.7133
     329      32.9258
     330      32.8056
     331      32.8895
     332      33.5490
     333      33.5272
     334      33.5191
     335      33.7006
     336      32.9892
     337      33.1095
     338      32.4502
     339      32.4634
     340      32.3294
     341      32.6860
     342      32.9088
     343      33.0729
     344      33.0793
     345      32.9635
     346      32.8388
     347      32.9596
     348      32.5942
     349      32.8997
     350      32.8113
     351      33.0452
     352      32.7777
     353      33.0739
     354      32.9435
     355      32.9986
     356      33.1075
     357      32.8541
     358      33.1289
     359      33.0027
     360      33.0743
     361      33.4535
     362      32.9400
     363      33.0908
     364      32.7317
     365      32.5149
     366      32.5407
     367      32.6934
     368      32.6839
     369      32.2478
     370      32.0793
     371      32.0191
     372      31.9813
     373      32.1868
     374      32.2063
     375      32.3248
     376      32.2039
     377      32.1393
     378      32.5019
     379      32.0140
     380      32.4361
     381      32.1969
     382      31.9758
     383      32.6749
     384      31.8234
     385      32.0706
     386      31.8833
     387      31.6453
     388      32.0121
     389      32.0489
     390      31.9015
     391      32.0086
     392      31.7344
     393      31.9139
     394      32.0264
     395      32.0646
     396      31.8493
     397      31.9288
     398      32.2138
     399      31.7987
     400      31.8293
     401      32.3880
     402      32.2794
     403      31.7549
     404      31.8861
     405      32.0763
     406      32.0241
     407      31.8925
     408      31.9079
     409      32.0628
     410      32.1039
     411      31.8027
     412      31.9047
     413      31.7282
     414      31.8498
     415      31.9694
     416      31.9672
     417      32.4957
     418      32.0897
     419      32.2609
     420      32.1330
     421      32.2310
     422      32.0014
     423      32.3059
     424      32.1498
     425      32.2461
     426      32.6081
     427      32.1523
     428      32.0644
     429      32.4168
     430      32.0900
     431      31.9363
     432      31.8077
     433      32.2540
     434      31.9788
     435      32.1365
     436      32.0504
     437      31.9565
     438      32.1075
     439      31.9520
     440      31.9279
     441      31.9303
     442      31.7710
     443      31.7684
     444      32.0197
     445      31.7031
     446      32.2201
     447      32.2917
     448      32.1810
     449      32.2637
     450      32.3196
     451      32.3357
     452      31.9930
     453      31.9964
     454      31.8661
     455      31.9695
     456      32.1808
     457      31.6568
     458      31.7643
     459      31.9503
     460      32.2347
     461      32.2261
     462      32.1254
     463      32.2732
     464      32.3723
     465      32.4081
     466      31.8298
     467      32.1084
     468      31.9410
     469      31.8744
     470      31.9066
     471      31.4269
     472      31.9769
     473      32.0369
     474      32.0310
     475      31.7651
     476      31.8892
     477      31.9279
     478      32.4804
     479      32.3457
     480      32.4537
     481      32.3079
     482      31.9499
     483      32.0949
     484      32.0785
     485      32.3236
     486      32.1537
     487      31.9330
     488      32.2108
     489      32.3202
     490      32.3944
     491      32.3748
     492      32.3361
     493      32.0094
     494      32.1215
     495      31.4624
     496      32.0352
     497      32.0525
     498      32.0267
     499      31.9474
     500      31.8983
     501      31.9923
     502      31.7110
     503      32.0608
     504      31.9325
     505      32.3607
     506      32.1369
     507      31.9281
     508      32.3214
     509      32.3768
     510      32.4687
     511      32.7287
     512      32.2790
     513      32.4144
     514      32.2142
     515      32.4741
     516      32.1267
     517      32.3232
     518      32.2920
     519      32.0914
     520      32.3779
     521      31.9374
     522      32.1509
     523      32.1368
     524      32.1004
     525      32.0678
     526      32.2737
     527      32.1297
     528      32.4072
     529      32.4970
     530      32.1721
     531      32.5986
     532      32.5159
     533      32.6474
     534      32.1968
     535      32.1727
     536      32.6278
     537      32.4453
     538      32.5753
     539      32.5861
     540      32.2803
     541      32.6304
     542      32.4923
     543      32.0542
     544      32.0173
     545      31.8923
     546      32.0559
     547      32.1963
     548      32.4771
     549      32.2864
     550      32.1350
     551      32.5482
     552      32.2353
     553      32.2735
     554      32.4396
     555      32.5322
     556      32.4266
     557      31.9474
     558      32.6352
     559      32.6275
     560      32.4207
     561      32.0567
     562      32.2395
     563      32.2531
     564      32.7935
     565      32.5192
     566      32.8278
     567      32.6440
     568      32.3604
     569      32.2667
     570      32.1929
     571      32.3795
     572      32.4995
     573      32.3434
     574      32.1012
     575      31.9166
     576      32.1612
     577      32.6390
     578      32.7466
     579      32.5144
     580      32.8738
     581      32.3851
     582      32.8260
     583      32.4262
     584      32.5151
     585      32.9075
     586      32.7877
     587      32.3531
     588      32.5441
     589      32.4987
     590      32.5246
     591      32.0821
     592      32.4995
     593      32.0274
     594      32.2170
     595      32.4143
     596      32.0086
     597      32.1335
     598      32.0133
     599      31.8808
     600      32.2926
     601      32.3480
     602      32.1992
     603      32.2536
     604      32.0564
     605      32.2124
     606      32.2143
     607      32.3267
     608      32.4216
     609      32.5691
     610      32.5485
     611      32.6061
     612      31.9721
     613      32.2012
     614      32.3418
     615      32.3024
     616      32.2791
     617      32.3612
     618      32.4812
     619      32.4732
     620      32.0770
     621      32.5179
     622      32.4692
     623      32.4057
     624      32.3567
     625      32.4200
     626      32.1424
     627      32.6199
     628      32.3787
     629      32.1938
     630      32.0880
     631      32.4049
     632      32.3070
     633      32.0912
     634      32.4223
     635      32.7188
     636      32.8470
     637      32.4523
     638      32.5560
     639      33.0210
     640      32.7100
     641      32.2501
     642      32.6598
     643      32.5781
     644      32.2832
     645      32.4585
     646      32.3147
     647      32.7983
     648      32.0710
     649      32.4370
     650      32.2413
     651      31.8429
     652      32.1744
     653      32.3086
     654      32.5483
     655      32.2434
     656      32.3726
     657      32.2406
     658      32.2988
     659      32.2587
     660      32.3690
     661      32.6086
     662      32.6812
     663      32.4772
     664      32.1200
     665      32.2485
     666      31.9479
     667      32.2817
     668      32.2192
     669      32.5278
     670      32.5239
     671      32.7011
     672      32.6603
     673      32.7644
     674      32.6842
     675      33.1371
     676      33.0480
     677      34.0282
     678      34.0872
     679      33.5390
     680      32.8561
     681      32.8486
     682      32.4507
     683      32.6591
     684      32.4100
     685      32.4547
     686      32.5672
     687      32.6315
     688      32.5655
     689      32.2334
     690      32.3409
     691      32.3746
     692      32.2409
     693      32.5032
     694      32.4625
     695      32.6137
     696      32.7051
     697      32.5246
     698      32.6568
     699      32.5866
     700      32.6492
     701      32.7919
     702      32.2797
     703      32.5127
     704      32.5760
     705      32.3784
     706      32.4735
     707      32.7010
     708      32.2151
     709      32.4462
     710      32.6647
     711      32.7658
     712      32.6843
     713      32.4735
     714      32.0361
     715      32.5495
     716      32.5400
     717      32.3501
     718      32.3990
     719      32.5400
     720      32.2100
     721      32.5341
     722      32.5148
     723      32.0199
     724      32.3253
     725      32.1002
     726      32.4958
     727      32.3990
     728      32.3450
     729      32.2064
     730      32.2387
     731      32.1215
     732      31.9516
     733      32.0619
     734      32.2010
     735      32.2492
     736      32.0515
     737      32.6376
     738      32.3736
     739      31.9205
     740      32.2749
     741      32.6325
     742      32.7421
     743      32.5226
     744      32.2670
     745      32.2469
     746      32.2104
     747      32.3965
     748      32.3023
     749      31.9984
     750      32.4927
     751      32.5191
     752      32.4865
     753      32.0368
     754      32.3639
     755      32.1543
     756      32.3123
     757      32.1269
     758      32.2614
     759      32.1819
     760      32.6606
     761      32.1280
     762      32.1997
     763      32.0213
     764      32.3249
     765      32.2618
     766      32.2956
     767      32.2069
     768      32.4841
     769      32.6927
     770      32.2330
     771      32.5313
     772      32.4384
     773      32.9236
     774      32.6147
     775      32.4614
     776      32.3730
     777      32.1505
     778      32.5929
     779      32.3565
     780      32.4187
     781      32.6045
     782      32.4976
     783      32.5448
     784      32.3908
     785      32.1073
     786      32.2565
     787      32.4476
     788      32.7920
     789      32.5619
     790      32.8811
     791      32.4032
     792      32.3380
     793      32.3353
     794      32.6949
     795      32.5921
     796      32.0620
     797      32.3482
     798      32.3030
     799      32.3899
     800      31.9605
     801      32.0537
     802      32.2036
     803      31.8919
     804      32.4063
     805      32.1516
     806      32.3915
     807      31.9926
     808      32.5656
     809      32.5146
     810      32.4522
     811      32.5086
     812      32.3825
     813      32.4459
     814      32.4184
     815      32.3191
     816      32.7963
     817      32.4394
     818      32.2281
     819      32.1000
     820      32.2286
     821      32.0908
     822      32.3992
     823      32.1872
     824      32.3853
     825      32.5374
     826      32.4660
     827      32.7823
     828      32.8157
     829      32.5943
     830      32.6085
     831      32.3695
     832      32.1324
     833      32.1599
     834      32.6274
     835      32.3200
     836      32.2652
     837      32.0901
     838      32.1526
     839      32.1454
     840      32.6067
     841      32.3005
     842      32.5188
     843      32.2129
     844      32.4869
     845      32.1993
     846      32.1051
     847      32.3009
     848      32.2636
     849      32.2993
     850      32.2685
     851      32.5209
     852      32.2661
     853      32.4065
     854      32.1753
     855      32.2370
     856      32.0693
     857      32.3736
     858      31.9556
     859      32.2181
     860      32.0427
     861      32.1742
     862      31.9288
     863      32.2159
     864      32.1277
     865      32.1878
     866      32.3189
     867      32.3878
     868      32.1962
     869      32.0942
     870      32.1295
     871      32.1162
     872      32.0678
     873      32.0796
     874      32.0792
     875      32.1065
     876      32.2617
     877      32.3652
     878      32.1833
     879      32.2135
     880      32.1810
     881      32.0350
     882      31.7503
     883      32.0707
     884      32.0396
     885      31.9057
     886      31.7314
     887      31.9413
     888      32.2608
     889      32.0693
     890      31.9614
     891      32.0338
     892      32.2168
     893      31.7404
     894      32.1760
     895      32.0744
     896      32.3156
     897      32.0300
     898      32.3871
     899      32.1909
     900      32.2043
     901      32.0759
     902      32.0219
     903      32.1910
     904      32.2546
     905      31.7499
     906      32.0808
     907      32.1634
     908      32.3023
     909      32.3732
     910      32.1081
     911      32.2961
     912      32.5845
     913      32.6900
     914      32.3278
     915      32.0724
     916      32.5791
     917      32.6724
     918      32.6409
     919      32.7570
     920      32.8969
     921      32.5605
     922      32.3490
     923      32.2336
     924      31.9960
     925      32.3352
     926      32.3097
     927      32.0865
     928      32.3905
     929      31.8352
     930      32.0442
     931      32.3526
     932      32.3626
     933      32.0372
     934      32.3485
     935      32.4032
     936      32.4604
     937      32.3668
     938      32.3047
     939      32.1845
     940      32.3874
     941      32.0866
     942      32.4473
     943      32.3808
     944      32.2463
     945      32.4860
     946      32.2747
     947      32.0027
     948      32.5021
     949      32.8985
     950      32.6653
     951      32.4187
     952      32.4865
     953      32.8676
     954      32.5941
     955      32.2686
     956      32.1706
     957      32.3978
     958      32.6553
     959      32.4108
     960      32.6360
     961      31.8638
     962      32.4120
     963      32.8001
     964      32.6452
     965      32.5693
     966      32.4373
     967      32.6304
     968      32.7743
     969      32.6292
     970      32.7333
     971      32.2120
     972      32.3451
     973      32.7208
     974      32.8310
     975      32.7988
     976      32.9367
     977      33.1036
     978      33.0371
     979      32.9454
     980      33.0265
     981      32.6852
     982      32.9960
     983      33.1922
     984      32.8893
     985      33.0190
     986      33.1218
     987      33.0462
     988      32.9644
     989      32.9839
     990      32.6438
     991      32.6405
     992      32.9778
     993      32.8510
     994      32.9204
     995      33.0003
     996      33.2319
     997      32.9313
     998      33.1074
     999      33.0387
    1000      32.7756
    1001      33.0725
    1002      33.0439
    1003      32.5240
    1004      32.8799
    1005      33.3472
    1006      33.3495
    1007      33.5194
    1008      33.4509
    1009      33.2218
    1010      33.3963
    1011      33.3151
    1012      33.5548
    1013      32.9023
    1014      32.5054
    1015      32.3559
    1016      32.5561
    1017      32.3188
    1018      32.1045
    1019      32.2819
    1020      32.4742
    1021      32.4947
    1022      32.4546
    1023      32.7476
    1024      32.6456
    1025      33.0693
    1026      33.1544
    1027      32.9359
    1028      33.1060
    1029      33.0972
    1030      32.8368
    1031      32.7149
    1032      32.9075
    1033      32.5579
    1034      32.3666
    1035      31.9685
    1036      32.2325
    1037      32.3834
