#Frame          ANdis
       1      34.2576
       2      34.3319
       3      34.3331
       4      34.5043
       5      35.1388
       6      34.6000
       7      35.0502
       8      35.0440
       9      34.7267
      10      34.4048
      11      34.6678
      12      35.1146
      13      34.7785
      14      34.2168
      15      34.7123
      16      34.6297
      17      35.2759
      18      35.0356
      19      34.7791
      20      34.5582
      21      34.5558
      22      34.5976
      23      34.3918
      24      34.2196
      25      35.1029
      26      34.4634
      27      34.7778
      28      34.2228
      29      34.5264
      30      34.6382
      31      34.7621
      32      34.2596
      33      35.0044
      34      34.7808
      35      34.7831
      36      35.0191
      37      34.8507
      38      34.9095
      39      35.2769
      40      35.3114
      41      35.1634
      42      35.2790
      43      35.3136
      44      35.2179
      45      34.9067
      46      35.1184
      47      34.4678
      48      34.5187
      49      35.0899
      50      35.2773
      51      34.6804
      52      34.6268
      53      34.1508
      54      34.5292
      55      34.3309
      56      34.5587
      57      34.3456
      58      34.1848
      59      34.0792
      60      33.9242
      61      33.8554
      62      34.2332
      63      34.5115
      64      34.2199
      65      34.1247
      66      34.0408
      67      34.1077
      68      33.8877
      69      34.1101
      70      34.3864
      71      34.0091
      72      34.0698
      73      34.2967
      74      34.8364
      75      34.6515
      76      34.5671
      77      34.8297
      78      34.5581
      79      33.9024
      80      34.1955
      81      34.1301
      82      34.1277
      83      34.7481
      84      34.3857
      85      35.0543
      86      35.3517
      87      34.6747
      88      34.4049
      89      34.6734
      90      34.8161
      91      34.7700
      92      34.6433
      93      34.5993
      94      35.8660
      95      35.1681
      96      36.3378
      97      36.0258
      98      35.6033
      99      35.6352
     100      35.3411
     101      35.0715
     102      35.6062
     103      35.3422
     104      34.9674
     105      35.3258
     106      35.3615
     107      35.4562
     108      36.0151
     109      36.1183
     110      35.2361
     111      35.1038
     112      35.9537
     113      35.6625
     114      36.0038
     115      36.7567
     116      36.1588
     117      36.6798
     118      36.0457
     119      35.9991
     120      34.8234
     121      35.2189
     122      34.8446
     123      35.0439
     124      35.2752
     125      36.1695
     126      35.9872
     127      35.4584
     128      35.9590
     129      36.2057
     130      36.3343
     131      37.0657
     132      36.9456
     133      36.2599
     134      36.2999
     135      35.9127
     136      35.1811
     137      34.4795
     138      34.6444
     139      34.8522
     140      34.0069
     141      33.9638
     142      33.3001
     143      33.6017
     144      33.7406
     145      33.5034
     146      33.3889
     147      34.0081
     148      33.5992
     149      33.6148
     150      33.0500
     151      33.2899
     152      33.1760
     153      33.1343
     154      33.2464
     155      33.6271
     156      33.4082
     157      33.4330
     158      33.3173
     159      33.6558
     160      33.2731
     161      33.3253
     162      33.3682
     163      33.4982
     164      33.5675
     165      33.5174
     166      33.5249
     167      33.1120
     168      33.0503
     169      33.1444
     170      32.9352
     171      32.8831
     172      33.3543
     173      33.5405
     174      33.6192
     175      32.9812
     176      33.6779
     177      33.6855
     178      33.2920
     179      33.3042
     180      33.5200
     181      33.1966
     182      33.1703
     183      33.1167
     184      33.4527
     185      33.8775
     186      33.2062
     187      32.9932
     188      33.6450
     189      34.2068
     190      34.6895
     191      34.6567
     192      33.6098
     193      33.7581
     194      33.6387
     195      33.3695
     196      33.5441
     197      33.4432
     198      33.0036
     199      33.1245
     200      33.6393
     201      33.4663
     202      33.2230
     203      33.5009
     204      33.3549
     205      33.6301
     206      33.1118
     207      33.2022
     208      33.7501
     209      33.5017
     210      33.4815
     211      33.4622
     212      33.1595
     213      33.4340
     214      33.6186
     215      33.6533
     216      33.3530
     217      33.1157
     218      33.1111
     219      32.9977
     220      33.3529
     221      33.0448
     222      32.6881
     223      33.0262
     224      33.0764
     225      32.5648
     226      32.7114
     227      33.1643
     228      33.0083
     229      32.9232
     230      32.7863
     231      33.1327
     232      32.9388
     233      33.0134
     234      33.0497
     235      32.7867
     236      32.9978
     237      32.2255
     238      32.1697
     239      32.0111
     240      32.5440
     241      32.5588
     242      32.9986
     243      32.3488
     244      32.2680
     245      32.6757
     246      32.7548
     247      32.6313
     248      33.2866
     249      32.6700
     250      32.5485
     251      33.0590
     252      32.8630
     253      32.3488
     254      32.3691
     255      32.5194
     256      32.4237
     257      32.4933
     258      32.5995
     259      32.4640
     260      32.3517
     261      32.3263
     262      32.3680
     263      32.7076
     264      32.9141
     265      32.3520
     266      32.3823
     267      32.5868
     268      32.1317
     269      32.5305
     270      32.2595
     271      32.3640
     272      31.8945
     273      31.8339
     274      31.8683
     275      32.4747
     276      31.7461
     277      31.7774
     278      31.9765
     279      32.1027
     280      32.0145
     281      32.5059
     282      32.5489
     283      31.7769
     284      32.1747
     285      32.4634
     286      32.4646
     287      32.5779
     288      32.6005
     289      32.7632
     290      32.0609
     291      31.8919
     292      31.9973
     293      32.0876
     294      32.2179
     295      32.0111
     296      32.0169
     297      31.5504
     298      31.6734
     299      31.6591
     300      31.4650
     301      32.0401
     302      32.2076
     303      32.4658
     304      32.2836
     305      32.3803
     306      32.5073
     307      32.5489
     308      32.5229
     309      32.7672
     310      32.1547
     311      32.6536
     312      32.9729
     313      32.5462
     314      32.4010
     315      32.2986
     316      32.4679
     317      32.6328
     318      32.3546
     319      32.6870
     320      32.4056
     321      32.2737
     322      32.9232
     323      32.9860
     324      32.5410
     325      32.7039
     326      32.6593
     327      32.4556
     328      32.2768
     329      32.3476
     330      32.7295
     331      32.8558
     332      32.5797
     333      32.7729
     334      32.6377
     335      32.3893
     336      32.5594
     337      32.8455
     338      32.7182
     339      32.6016
     340      32.5223
     341      32.1755
     342      32.2060
     343      31.9780
     344      32.2347
     345      32.3043
     346      32.0668
     347      32.5969
     348      32.4152
     349      32.2038
     350      32.1243
     351      31.6543
     352      32.0110
     353      31.7620
     354      31.8169
     355      31.9301
     356      32.1184
     357      32.2562
     358      32.3362
     359      32.4685
     360      32.7417
     361      33.2804
     362      33.3713
     363      32.8126
     364      32.4990
     365      32.1919
     366      32.1751
     367      32.7467
     368      32.4921
     369      32.5323
     370      32.5643
     371      32.3752
     372      32.8565
     373      32.8209
     374      32.7251
     375      32.2730
     376      32.4383
     377      32.7974
     378      32.9510
     379      32.7740
     380      32.7518
     381      32.8579
     382      32.8893
     383      32.6933
     384      32.6972
     385      32.9749
     386      32.7845
     387      32.5820
     388      32.9705
     389      32.8377
     390      32.7973
     391      32.8426
     392      33.1601
     393      32.7914
     394      32.7322
     395      32.8615
     396      32.6356
     397      32.6174
     398      32.7261
     399      32.5633
     400      32.7140
     401      32.6212
     402      32.9620
     403      32.7734
     404      32.2740
     405      32.5448
     406      32.7780
     407      32.2418
     408      32.5210
     409      32.3198
     410      32.6880
     411      32.6431
     412      32.4649
     413      32.6723
     414      32.4744
     415      32.4948
     416      32.7171
     417      32.7966
     418      32.4910
     419      32.7324
     420      32.6636
     421      32.5344
     422      32.8253
     423      32.4143
     424      32.6829
     425      32.3333
     426      32.0100
     427      32.3107
     428      32.3927
     429      32.6168
     430      32.7659
     431      32.6345
     432      32.6280
     433      32.1850
     434      32.5030
     435      32.1135
     436      32.1437
     437      32.0914
     438      32.6676
     439      32.2151
     440      32.2042
     441      32.2686
     442      32.1578
     443      32.3146
     444      32.6234
     445      32.2893
     446      32.2386
     447      31.7272
     448      32.4499
     449      32.0166
     450      32.2607
     451      32.2468
     452      32.6658
     453      32.4969
     454      31.9699
     455      32.2848
     456      32.3085
     457      31.9338
     458      32.3625
     459      32.3566
     460      32.5476
     461      32.5168
     462      31.9601
     463      31.8605
     464      31.7640
     465      32.2217
     466      32.5787
     467      32.5776
     468      32.7757
     469      32.6559
     470      32.4166
     471      32.4807
     472      32.6584
     473      32.8325
     474      32.6874
     475      32.4628
     476      32.6258
     477      33.3348
     478      32.9405
     479      32.9991
     480      33.3695
     481      32.3207
     482      32.2074
     483      32.4394
     484      32.8379
     485      32.3282
     486      32.7692
     487      32.9161
     488      33.2290
     489      33.0315
     490      33.3472
     491      32.6808
     492      32.0591
     493      32.4762
     494      32.4507
     495      32.2719
     496      32.4836
     497      32.0233
     498      32.0449
     499      32.5649
     500      32.6639
     501      32.4747
     502      32.7239
     503      32.2917
     504      32.6115
     505      32.3134
     506      32.2500
     507      32.3636
     508      32.7564
     509      32.9336
     510      33.2642
     511      32.7942
     512      33.0439
     513      32.7998
     514      33.2247
     515      32.6644
     516      32.7932
     517      32.8317
     518      32.7278
     519      32.7283
     520      32.6499
     521      33.1152
     522      33.5269
     523      33.5336
     524      33.2619
     525      33.3509
     526      32.6363
     527      32.9040
     528      33.0147
     529      32.8961
     530      32.9284
     531      33.5205
     532      33.1395
     533      33.4999
     534      33.0226
     535      32.6452
     536      32.8505
     537      32.8452
     538      33.1262
     539      33.1878
     540      32.7501
     541      33.2206
     542      33.1693
     543      33.3114
     544      33.1881
     545      33.0776
     546      33.1127
     547      33.1736
     548      32.5878
     549      32.8558
     550      33.4770
     551      33.3889
     552      33.3218
     553      33.6390
     554      33.2667
     555      33.2082
     556      33.3119
     557      33.4235
     558      33.4486
     559      33.3699
     560      33.2747
     561      33.8614
     562      33.4874
     563      33.7309
     564      33.5485
     565      33.7001
     566      33.2033
     567      33.4984
     568      33.9960
     569      33.0498
     570      33.6891
     571      33.7903
     572      33.8966
     573      33.7066
     574      33.7177
     575      33.4283
     576      33.6574
     577      33.1685
     578      33.0613
     579      32.8222
     580      33.1063
     581      33.7163
     582      33.9237
     583      33.7043
     584      33.9664
     585      34.1229
     586      33.2626
     587      33.9847
     588      33.8102
     589      33.2119
     590      33.3443
     591      32.9353
     592      32.6497
     593      33.2245
     594      33.1793
     595      33.0475
     596      32.6156
     597      33.3452
     598      32.8645
     599      33.0283
     600      33.2774
     601      32.9603
     602      33.0568
     603      33.1578
     604      33.2296
     605      33.2604
     606      33.0620
     607      32.8448
     608      33.0027
     609      33.1606
     610      33.4265
     611      32.8021
     612      32.7417
     613      32.6587
     614      32.6299
     615      33.2523
     616      32.8439
     617      33.1618
     618      33.0312
     619      32.6925
     620      33.0413
     621      32.6739
     622      32.5199
     623      32.9040
     624      33.0225
     625      32.9800
     626      32.6464
     627      32.7142
     628      33.0576
     629      32.9668
     630      33.1791
     631      32.6130
     632      33.1083
     633      32.7830
     634      32.2686
     635      32.3529
     636      33.2099
     637      32.4959
     638      32.6808
     639      32.9632
     640      32.6351
     641      32.6254
     642      33.3833
     643      32.7654
     644      32.7516
     645      32.8917
     646      33.2136
     647      33.1234
     648      33.0089
     649      33.1665
     650      33.4513
     651      33.0551
     652      33.0937
     653      33.3783
     654      32.9204
     655      32.9553
     656      33.1883
     657      32.5170
     658      33.2696
     659      33.0389
     660      33.0571
     661      32.5622
     662      32.8757
     663      33.0238
     664      32.8402
     665      32.6661
     666      33.1378
     667      32.5933
     668      32.9305
     669      33.1676
     670      32.8473
     671      32.7476
     672      32.4413
     673      32.8869
     674      32.8542
     675      33.0600
     676      32.9840
     677      32.4641
     678      32.6032
     679      32.6467
     680      32.8011
     681      33.0771
     682      33.2151
     683      33.2419
     684      32.7349
     685      32.8955
     686      33.0018
     687      33.1927
     688      33.1669
     689      32.9986
     690      33.0171
     691      33.5174
     692      32.7029
     693      32.8345
     694      32.6712
     695      32.6580
     696      32.4373
     697      32.3093
     698      32.8553
     699      32.3799
     700      31.9435
     701      32.4247
     702      32.0954
     703      32.3572
     704      32.3588
     705      32.2636
     706      32.8425
     707      32.5657
     708      32.2370
     709      32.9968
     710      32.2128
     711      32.7791
     712      32.8090
     713      32.6259
     714      32.9725
     715      32.8737
     716      33.0229
     717      32.4782
     718      32.6975
     719      32.7616
     720      32.7030
     721      32.5696
     722      32.4567
     723      32.8713
     724      32.4924
     725      32.5540
     726      32.5655
     727      32.1953
     728      32.7868
     729      32.5516
     730      32.6187
     731      33.0940
     732      32.7427
     733      32.7821
     734      33.0953
     735      32.8871
     736      32.4217
     737      32.6396
     738      32.7253
     739      32.9376
     740      32.7257
     741      32.8651
     742      32.7812
     743      32.9798
     744      32.8279
     745      32.3066
     746      32.5102
     747      32.6547
     748      32.5122
     749      32.5487
     750      32.8747
     751      32.9811
     752      33.0352
     753      33.0215
     754      33.3351
     755      33.2119
     756      32.9807
     757      32.9896
     758      33.2084
     759      32.7610
     760      32.4852
     761      32.3576
     762      32.1724
     763      32.2081
     764      32.9071
     765      32.7859
     766      32.7358
     767      32.5921
     768      32.6657
     769      32.3727
     770      32.3821
     771      32.6467
     772      32.8442
     773      32.7274
     774      32.6250
     775      32.4882
     776      32.7000
     777      32.6591
     778      32.4390
     779      32.4256
     780      32.5309
     781      32.8447
     782      32.8221
     783      32.6861
     784      32.1471
     785      32.3656
     786      32.9208
     787      32.4798
     788      32.6907
     789      32.8689
     790      32.5269
     791      32.4249
     792      32.4917
     793      32.5062
     794      32.9456
     795      33.0262
     796      32.7557
     797      32.5321
     798      33.0201
     799      32.7570
     800      32.4605
     801      32.6339
     802      33.0541
     803      32.9388
     804      32.5159
     805      32.9349
     806      32.9288
     807      32.6920
     808      32.9154
     809      33.4555
     810      33.1733
     811      33.1769
     812      32.9983
     813      32.9873
     814      33.0738
     815      33.2506
     816      33.3791
     817      32.8773
     818      32.9803
     819      33.0196
     820      33.3086
     821      33.9271
     822      33.7649
     823      33.0698
     824      32.7771
     825      32.8255
     826      33.8188
     827      33.1356
     828      33.3648
     829      32.8247
     830      33.5897
     831      33.2385
     832      33.4834
     833      33.2694
     834      32.9179
     835      33.8006
     836      33.4201
     837      32.8922
     838      32.9186
     839      32.6802
     840      32.5959
     841      32.8853
     842      32.0939
     843      32.4117
     844      32.7739
     845      32.5938
     846      33.2070
     847      33.2268
     848      33.2539
     849      32.8310
     850      33.1730
     851      33.2326
     852      33.0544
     853      33.0298
     854      33.2853
     855      33.3928
     856      32.6822
     857      33.3070
     858      33.0173
     859      32.8532
     860      33.1017
     861      32.8221
     862      33.0527
     863      33.0064
     864      32.5582
     865      32.6667
     866      32.5259
     867      32.8284
     868      32.9813
     869      32.5464
     870      32.5692
     871      32.0079
     872      31.9219
     873      32.3224
     874      32.6665
     875      32.5874
     876      32.9071
     877      32.6343
     878      32.4408
     879      32.9290
     880      33.0587
     881      33.1413
     882      32.7961
     883      32.8307
     884      32.9058
     885      32.6947
     886      32.6466
     887      32.6852
     888      32.8611
     889      33.1662
     890      32.9366
     891      33.1783
     892      32.8930
     893      32.5838
     894      32.9480
     895      32.7795
     896      32.5801
     897      32.9581
     898      32.3177
     899      32.8211
     900      32.7135
     901      32.8225
     902      32.7126
     903      33.3447
     904      32.9317
     905      33.0859
     906      32.9617
     907      33.1021
     908      33.1868
     909      32.4441
     910      33.3863
     911      32.8091
     912      33.1168
     913      33.1252
     914      32.9431
     915      32.8144
     916      32.4975
     917      32.9217
     918      33.3071
     919      33.2177
     920      33.0149
     921      33.0142
     922      33.4738
     923      32.8537
     924      33.0504
     925      32.9086
     926      33.0014
     927      32.6434
     928      32.9937
     929      33.1694
     930      33.4826
     931      33.1357
     932      32.7452
     933      32.8094
     934      32.8453
     935      33.0369
     936      33.0025
     937      33.0247
     938      33.3622
     939      33.1775
     940      33.1120
     941      33.1034
     942      33.4551
     943      33.3037
     944      32.9529
     945      33.3700
     946      33.6126
     947      33.3590
     948      33.5228
     949      33.3830
     950      33.3260
     951      33.5449
     952      33.5658
     953      33.2028
     954      33.0506
     955      33.1698
     956      33.0367
     957      33.2115
     958      33.3947
     959      33.4000
     960      32.8217
     961      32.9060
     962      32.6436
     963      33.0265
     964      33.1209
     965      32.9315
     966      32.3927
     967      32.9333
     968      32.8924
     969      32.6222
     970      32.7963
     971      32.8887
     972      33.2172
     973      32.6895
     974      32.7813
     975      32.4252
     976      33.0563
     977      32.9743
     978      32.2822
     979      33.0740
     980      33.1056
     981      33.1609
     982      32.7339
     983      32.8158
     984      32.9577
     985      33.2366
     986      32.9957
     987      33.6255
     988      33.0988
     989      32.9387
     990      33.2259
     991      32.7983
     992      33.1260
     993      33.1900
     994      33.0191
     995      32.7609
     996      32.9775
     997      32.6924
     998      32.4335
     999      32.7938
    1000      32.9146
    1001      33.0199
    1002      32.7652
    1003      32.9534
    1004      32.8371
    1005      32.5576
    1006      32.8738
    1007      33.3968
    1008      33.0367
    1009      32.9481
    1010      33.2378
    1011      33.4011
    1012      33.1433
    1013      33.4743
    1014      33.9579
    1015      32.6588
    1016      32.5421
    1017      32.5963
    1018      32.4683
    1019      32.6115
    1020      32.8925
    1021      33.7523
    1022      33.4480
    1023      32.6829
    1024      33.2428
    1025      32.9642
    1026      32.7849
    1027      32.7549
    1028      32.5655
    1029      33.3257
    1030      33.3486
    1031      33.0395
    1032      33.0251
    1033      32.8695
    1034      33.0177
    1035      33.2596
    1036      33.0157
    1037      33.1724
