#Frame          ANdis
       1      39.1842
       2      38.3668
       3      38.2279
       4      36.6045
       5      36.8760
       6      36.2065
       7      36.3409
       8      36.8042
       9      37.0823
      10      36.9993
      11      37.3370
      12      37.2971
      13      37.2697
      14      37.4009
      15      37.5224
      16      37.1138
      17      36.9828
      18      37.2352
      19      37.3949
      20      37.5279
      21      36.9214
      22      37.0846
      23      37.7174
      24      37.1905
      25      37.2106
      26      37.7786
      27      37.7046
      28      37.9459
      29      38.2295
      30      37.4591
      31      38.3299
      32      38.1708
      33      38.1902
      34      37.1860
      35      36.9430
      36      36.8397
      37      37.3359
      38      37.3474
      39      37.1963
      40      36.8442
      41      37.6853
      42      37.3603
      43      37.2050
      44      37.5203
      45      37.5726
      46      36.9957
      47      36.4353
      48      36.8277
      49      37.3864
      50      37.1167
      51      36.8298
      52      37.6228
      53      37.3034
      54      37.7206
      55      37.7685
      56      37.7375
      57      37.2144
      58      37.5522
      59      36.9305
      60      37.2653
      61      37.0208
      62      37.0118
      63      37.1215
      64      36.4280
      65      36.4431
      66      37.3280
      67      37.2828
      68      36.8546
      69      36.6208
      70      37.1483
      71      37.2898
      72      37.5751
      73      37.7892
      74      37.6195
      75      37.5736
      76      37.6205
      77      38.0167
      78      37.9277
      79      37.3760
      80      36.9043
      81      37.3855
      82      37.5721
      83      37.2756
      84      37.4824
      85      36.9813
      86      37.8328
      87      37.6426
      88      37.2570
      89      36.8260
      90      36.8577
      91      36.8886
      92      36.6487
      93      37.5898
      94      37.7422
      95      37.5785
      96      37.4935
      97      37.4666
      98      37.4332
      99      37.4488
     100      37.7202
     101      37.8065
     102      37.4840
     103      37.0164
     104      36.3850
     105      36.7229
     106      36.4653
     107      37.0283
     108      37.6873
     109      37.0013
     110      36.5914
     111      36.5011
     112      36.7907
     113      36.7667
     114      36.1120
     115      35.4583
     116      36.3486
     117      36.4344
     118      35.9655
     119      36.3504
     120      35.7980
     121      36.1775
     122      36.9528
     123      36.4604
     124      36.9605
     125      36.5947
     126      37.2074
     127      37.1925
     128      37.8475
     129      38.2277
     130      38.5555
     131      37.7504
     132      37.1677
     133      37.2576
     134      37.0391
     135      37.1543
     136      37.0440
     137      37.1756
     138      37.2662
     139      37.0133
     140      37.3700
     141      36.5754
     142      36.7890
     143      36.4210
     144      36.3661
     145      37.4977
     146      37.1081
     147      37.2067
     148      37.4777
     149      37.2273
     150      37.1392
     151      37.1728
     152      36.9883
     153      36.2839
     154      36.8171
     155      36.7819
     156      36.8991
     157      36.9034
     158      36.6151
     159      36.0980
     160      36.3961
     161      36.7066
     162      36.2582
     163      36.7998
     164      36.7678
     165      36.4341
     166      37.2294
     167      37.1705
     168      36.9876
     169      37.2601
     170      36.5482
     171      36.3069
     172      37.1810
     173      36.8725
     174      36.5176
     175      36.6312
     176      35.9528
     177      36.3105
     178      36.0614
     179      36.4999
     180      35.7636
     181      36.3838
     182      36.4736
     183      36.4275
     184      36.4345
     185      36.3358
     186      36.0380
     187      36.2898
     188      36.5971
     189      36.5237
     190      36.5354
     191      36.4704
     192      36.6391
     193      36.9630
     194      37.4661
     195      37.2963
     196      37.6949
     197      36.8771
     198      37.0423
     199      36.6463
     200      36.3125
     201      36.1363
     202      36.6574
     203      36.5655
     204      37.0499
     205      36.9500
     206      36.7508
     207      36.3576
     208      36.2041
     209      36.2979
     210      36.4932
     211      36.3705
     212      36.1759
     213      36.4085
     214      37.3357
     215      37.4287
     216      37.2759
     217      37.2108
     218      36.7963
     219      36.6840
     220      36.4459
     221      36.3132
     222      36.7255
     223      36.6347
     224      36.5511
     225      36.5821
     226      36.8897
     227      36.8833
     228      36.6063
     229      36.9730
     230      36.9023
     231      36.7645
     232      36.4934
     233      36.2465
     234      36.7544
     235      36.1273
     236      36.0337
     237      36.9429
     238      36.2189
     239      36.0427
     240      36.0894
     241      36.4849
     242      36.3328
     243      36.3483
     244      35.6529
     245      36.0986
     246      35.9699
     247      36.1192
     248      36.1928
     249      36.2216
     250      36.1507
     251      36.4216
     252      36.2274
     253      36.2228
     254      35.9927
     255      35.9962
     256      36.1479
     257      36.2646
     258      36.1247
     259      36.3006
     260      36.2298
     261      36.3205
     262      36.1676
     263      36.0341
     264      35.9689
     265      36.4135
     266      36.3387
     267      36.0583
     268      36.3418
     269      36.4151
     270      36.4880
     271      36.2512
     272      36.0606
     273      36.1526
     274      36.2917
     275      36.5096
     276      36.1404
     277      36.5995
     278      36.3115
     279      36.6380
     280      35.9857
     281      36.0239
     282      35.7024
     283      36.3533
     284      36.1848
     285      36.3696
     286      35.9846
     287      36.1932
     288      35.5687
     289      36.0877
     290      36.4977
     291      36.0648
     292      36.4476
     293      36.5932
     294      37.0791
     295      37.0203
     296      36.7631
     297      35.9594
     298      37.2779
     299      36.9200
     300      36.9637
     301      37.0554
     302      36.9092
     303      36.7282
     304      36.5389
     305      36.3051
     306      36.7854
     307      36.8001
     308      36.6369
     309      36.6472
     310      37.1262
     311      36.7548
     312      36.6198
     313      37.0779
     314      37.0395
     315      36.5281
     316      37.0729
     317      37.0695
     318      36.7711
     319      36.5495
     320      37.0755
     321      36.3945
     322      35.9572
     323      36.1153
     324      36.3743
     325      36.1612
     326      35.8296
     327      36.2505
     328      36.0705
     329      35.7244
     330      36.1571
     331      35.8813
     332      35.8377
     333      35.9351
     334      36.0493
     335      36.2354
     336      36.2403
     337      37.0240
     338      36.5831
     339      36.2420
     340      36.8366
     341      37.1643
     342      37.0544
     343      36.6388
     344      36.5666
     345      36.5116
     346      36.5701
     347      36.7272
     348      36.5769
     349      36.7648
     350      36.6081
     351      36.5226
     352      37.0571
     353      38.0416
     354      36.9536
     355      37.4024
     356      37.0821
     357      37.1798
     358      37.6806
     359      36.7675
     360      37.0919
     361      37.5513
     362      37.0392
     363      36.7682
     364      36.2678
     365      36.0341
     366      36.3960
     367      36.1640
     368      36.5157
     369      36.0098
     370      36.1625
     371      36.7223
     372      36.6021
     373      36.5373
     374      36.3722
     375      36.6491
     376      36.5622
     377      36.1526
     378      36.5362
     379      37.0102
     380      36.1408
     381      36.0298
     382      36.4289
     383      36.1911
     384      35.7747
     385      35.6652
     386      35.3611
     387      35.4817
     388      36.0052
     389      36.3039
     390      35.6683
     391      35.5913
     392      36.1458
     393      36.3992
     394      36.7890
     395      36.2793
     396      36.6617
     397      36.4074
     398      36.5239
     399      36.5442
     400      36.1824
     401      35.5620
     402      35.6583
     403      35.8052
     404      35.5122
     405      35.9790
     406      35.8012
     407      35.9028
     408      35.7235
     409      35.8797
     410      35.9806
     411      36.3365
     412      36.2179
     413      36.2999
     414      37.1044
     415      37.1220
     416      36.7451
     417      36.4755
     418      36.0654
     419      36.6738
     420      36.5537
     421      36.6078
     422      37.1807
     423      36.8667
     424      37.3658
     425      37.3723
     426      37.5012
     427      37.6294
     428      37.6941
     429      37.5403
     430      37.0465
     431      36.4176
     432      36.9796
     433      36.9280
     434      36.9262
     435      36.6612
     436      36.8916
     437      36.6055
     438      36.7426
     439      37.0807
     440      37.4374
     441      37.3371
     442      36.8059
     443      36.5789
     444      36.9634
     445      36.7854
     446      36.6003
     447      36.1401
     448      37.2835
     449      36.9721
     450      36.9977
     451      37.6482
     452      37.2135
     453      37.5297
     454      37.5315
     455      36.6067
     456      37.4499
     457      37.2649
     458      37.1765
     459      36.7465
     460      37.3128
     461      37.5245
     462      37.0962
     463      37.4607
     464      37.5215
     465      37.6610
     466      37.1732
     467      37.5957
     468      37.3707
     469      37.0935
     470      37.0439
     471      36.6027
     472      36.4668
     473      36.3343
     474      36.4394
     475      36.0489
     476      36.2411
     477      36.5894
     478      36.7147
     479      36.9690
     480      37.0316
     481      36.7491
     482      36.8450
     483      36.3469
     484      36.8400
     485      36.5367
     486      36.5425
     487      36.8572
     488      36.4530
     489      37.1796
     490      36.7111
     491      37.2572
     492      36.6575
     493      36.6153
     494      36.7671
     495      36.9261
     496      36.6583
     497      37.0246
     498      36.9700
     499      37.2855
     500      37.3863
     501      37.4948
     502      37.3956
     503      38.3949
     504      38.1061
     505      38.2781
     506      38.3469
     507      37.7552
     508      37.6512
     509      37.1327
     510      37.3702
     511      36.9036
     512      37.2023
     513      36.8192
     514      37.2469
     515      37.0491
     516      37.4255
     517      37.5169
     518      37.8498
     519      37.7822
     520      38.4509
     521      38.3866
     522      38.7104
     523      37.6618
     524      37.6771
     525      38.6545
     526      39.0885
     527      38.0385
     528      38.6846
     529      37.9024
     530      37.8105
     531      38.1758
     532      38.0864
     533      38.2178
     534      38.2004
     535      38.6067
     536      38.9699
     537      38.5776
     538      38.8308
     539      38.5781
     540      37.8145
     541      37.3925
     542      37.4350
     543      37.7796
     544      37.8602
     545      37.3696
     546      37.4080
     547      37.3568
     548      37.2556
     549      36.7758
     550      37.8938
     551      37.5721
     552      37.9063
     553      38.1167
     554      36.9380
     555      36.8415
     556      36.5724
     557      37.4474
     558      37.2421
     559      37.1840
     560      37.3732
     561      37.3578
     562      37.5104
     563      37.8366
     564      38.3136
     565      38.7070
     566      38.1626
     567      38.5963
     568      38.2803
     569      38.8212
     570      38.5447
     571      38.7026
     572      38.4179
     573      37.8361
     574      37.7414
     575      37.6291
     576      37.5175
     577      37.9737
     578      38.1755
     579      37.5744
     580      38.0832
     581      38.2362
     582      38.2277
     583      37.8605
     584      38.3295
     585      37.7421
     586      38.6711
     587      38.7046
     588      38.8013
     589      39.0043
     590      38.3950
     591      38.4663
     592      38.1065
     593      38.3483
     594      38.0587
     595      37.7370
     596      38.0576
     597      38.5786
     598      38.7906
     599      37.9277
     600      37.4863
     601      37.6541
     602      37.6614
     603      37.4495
     604      38.1190
     605      37.6805
     606      37.3401
     607      38.4290
     608      37.7547
     609      38.1310
     610      38.4927
     611      38.5499
     612      38.4092
     613      38.3276
     614      38.0146
     615      38.6339
     616      38.4867
     617      38.9135
     618      39.7015
     619      38.2432
     620      38.2994
     621      38.1256
     622      38.1493
     623      37.9433
     624      37.8717
     625      36.8422
     626      37.2582
     627      37.2162
     628      37.0163
     629      37.1900
     630      37.5408
     631      37.8295
     632      37.6795
     633      37.2102
     634      38.1904
     635      37.8527
     636      37.2094
     637      38.0633
     638      37.2614
     639      37.4594
     640      38.3028
     641      38.2035
     642      38.0439
     643      37.5173
     644      38.0598
     645      38.3555
     646      38.2500
     647      38.1759
     648      37.9885
     649      37.7944
     650      38.2986
     651      38.5241
     652      38.5504
     653      39.4198
     654      37.8733
     655      38.3286
     656      38.7942
     657      38.2403
     658      38.2420
     659      38.8268
     660      38.7143
     661      38.0825
     662      38.2466
     663      38.6407
     664      38.6944
     665      38.5201
     666      37.9165
     667      37.9635
     668      38.3931
     669      38.2802
     670      38.7270
     671      39.0515
     672      38.8044
     673      39.2697
     674      39.6184
     675      39.4474
     676      38.5968
     677      39.1693
     678      38.9928
     679      38.5776
     680      38.5778
     681      38.1425
     682      37.8859
     683      38.6281
     684      38.3782
     685      37.8715
     686      36.9440
     687      37.4521
     688      37.5320
     689      37.9543
     690      38.2534
     691      37.7016
     692      37.8347
     693      38.0209
     694      38.4500
     695      38.6321
     696      39.1333
     697      37.9476
     698      37.5792
     699      37.9821
     700      37.9605
     701      38.2828
     702      38.4806
     703      37.6540
     704      38.3702
     705      38.3451
     706      37.7930
     707      38.4048
     708      38.3721
     709      38.1042
     710      38.0791
     711      38.5510
     712      38.6816
     713      38.5461
     714      38.4659
     715      38.6710
     716      38.6625
     717      38.0942
     718      38.1739
     719      38.5543
     720      38.5684
     721      38.4160
     722      38.6452
     723      38.7879
     724      38.4955
     725      38.5577
     726      38.2054
     727      37.4820
     728      37.4940
     729      37.6526
     730      38.2382
     731      38.9838
     732      38.8305
     733      38.2694
     734      38.8843
     735      39.2255
     736      38.7207
     737      38.7310
     738      37.9017
     739      38.6509
     740      38.5321
     741      39.2335
     742      38.9995
     743      38.5865
     744      38.7739
     745      38.5162
     746      39.1689
     747      39.1957
     748      39.4747
     749      39.7330
     750      39.6529
     751      39.0003
     752      39.3118
     753      39.3466
     754      38.8955
     755      39.2551
     756      39.7172
     757      39.3263
     758      39.5079
     759      40.0921
     760      39.5939
     761      39.8631
     762      39.0848
     763      38.9477
     764      39.0742
     765      39.4154
     766      39.4517
     767      39.0053
     768      38.7834
     769      38.6133
     770      38.6139
     771      39.0414
     772      38.7468
     773      38.3057
     774      38.1932
     775      38.6784
     776      38.8360
     777      38.4128
     778      38.4851
     779      37.9082
     780      38.4150
     781      38.3714
     782      37.9536
     783      38.4343
     784      38.8679
     785      37.9932
     786      37.9913
     787      38.0327
     788      37.9013
     789      37.6710
     790      37.9589
     791      37.8764
     792      37.6663
     793      37.5665
     794      37.4496
     795      38.3030
     796      38.4316
     797      38.0200
     798      38.2791
     799      38.5997
     800      38.1203
     801      38.8446
     802      38.9375
     803      38.8699
     804      38.5418
     805      38.6877
     806      38.7664
     807      38.5549
     808      38.7000
     809      38.4409
     810      38.1542
     811      37.8569
     812      37.7851
     813      37.9091
     814      37.7319
     815      38.1731
     816      38.6216
     817      38.3135
     818      38.2194
     819      37.9815
     820      37.7279
     821      38.8529
     822      37.9500
     823      38.4337
     824      38.9340
     825      38.6158
     826      38.3427
     827      38.0664
     828      38.2196
     829      38.1844
     830      38.2931
     831      38.4169
     832      38.3764
     833      38.4883
     834      38.2978
     835      38.0576
     836      38.0892
     837      38.3600
     838      39.1118
     839      38.8555
     840      38.7972
     841      38.7850
     842      38.7962
     843      38.7655
     844      38.3828
     845      38.5620
     846      37.8287
     847      37.8593
     848      37.9117
     849      38.0691
     850      37.6194
     851      37.3293
     852      37.7526
     853      37.5049
     854      36.9728
     855      37.0345
     856      37.0262
     857      37.4438
     858      37.2663
     859      36.9767
     860      36.9533
     861      37.5252
     862      37.2780
     863      37.2175
     864      36.7913
     865      37.3180
     866      37.9156
     867      38.1506
     868      38.7133
     869      38.0237
     870      38.1259
     871      38.3001
     872      38.0563
     873      37.2341
     874      37.4212
     875      37.4591
     876      37.8238
     877      38.3862
     878      37.7997
     879      37.9390
     880      38.3434
     881      38.7831
     882      37.9269
     883      38.4140
     884      38.6935
     885      38.7524
     886      38.8152
     887      38.2845
     888      38.0944
     889      37.7227
     890      37.2676
     891      36.8351
     892      37.9968
     893      37.7299
     894      37.5561
     895      36.8681
     896      38.0572
     897      37.4789
     898      37.5892
     899      37.2599
     900      37.3347
     901      36.9807
     902      37.5683
     903      38.1333
     904      37.5801
     905      37.7992
     906      37.4129
     907      37.3746
     908      37.1223
     909      37.0904
     910      37.3807
     911      37.4221
     912      37.4554
     913      37.1941
     914      37.8142
     915      37.6276
     916      38.0307
     917      37.8928
     918      37.5253
     919      37.3353
     920      37.6071
     921      37.1730
     922      37.4842
     923      37.5068
     924      37.4130
     925      37.4045
     926      37.0829
     927      37.4806
     928      37.6965
     929      37.6957
     930      37.2749
     931      37.4805
     932      37.1505
     933      37.5600
     934      37.8537
     935      37.1378
     936      38.0933
     937      37.9751
     938      37.0787
     939      37.9401
     940      37.7510
     941      37.3953
     942      37.3307
     943      37.4224
     944      37.1790
     945      37.8075
     946      37.2664
     947      37.2616
     948      37.2297
     949      37.6199
     950      37.5810
     951      38.0253
