1 0.435765590016
2 0.604478104211
3 0.407516590474
4 0.634619692097
5 0.368891400589
6 0.674660217438
7 0.315749120859
8 0.727653572455
9 0.241962179549
10 0.797486757649
11 0.13809360497
12 0.88906793838
13 -0.0112477040599
14 0.991581429664
15 -0.199603890511
16 0.885274038843
17 -0.00473286133904
18 0.996420303326
19 -0.209132222102
20 0.881197794958
21 0.00223336605485
22 0.998296357846
23 -0.212843166616
24 0.879635991474
25 0.00489333820913
26 0.996263580332
27 -0.208822640445
28 0.881328731885
29 0.00201013298471
30 0.998466771021
31 -0.213180720331
32 0.879494631835
33 0.00513384526008
34 0.996079583033
35 -0.208459266269
36 0.881482547653
37 0.0017478486997
38 0.99866695905
39 -0.213577351386
40 0.879328681332
41 0.00541613827049
42 0.995863575616
43 -0.208032790829
44 0.881663249829
45 0.00143965557494
46 0.99890213678
47 -0.214043444561
48 0.879133873804
49 0.00574744663977
50 0.995610004022
51 -0.20753230896
52 0.881875551719
53 0.00107748179949
54 0.999178437143
55 -0.214591227307
56 0.878905207399
57 0.00613623896046
58 0.995312356116
59 -0.206945050772
60 0.882124998059
61 0.000651822626922
62 0.999503074584
63 -0.215235103229
64 0.878636819394
65 0.00659243104156
66 0.994962998552
67 -0.206256070335
68 0.88241811364
69 0.000151480792342
70 0.999884538243
71 -0.215992048398
72 0.878321840346
73 0.00712762718095
74 0.994552986683
75 -0.205447885258
76 0.882762579216
77 -0.000436742058767
78 0.999667361618
79 -0.215561052979
80 0.878501114166
81 0.00682303937447
82 0.994786350453
83 -0.20590781989
84 0.88256646101
85 -0.000101812788245
86 0.999922413463
87 -0.216067226224
88 0.878290589238
89 0.00718071632619
90 0.994512306326
91 -0.205367723502
92 0.882796783372
93 -0.000495163844316
94 0.999622901335
95 -0.215472835462
96 0.878537831789
97 0.00676064765499
98 0.99483414609
99 -0.20600203775
100 0.882526313587
101 -3.32591457257e-05
102 0.999974652006
103 -0.216170919879
104 0.878247493636
105 0.00725392351642
106 0.994456207563
107 -0.205257186566
108 0.882843959409
109 -0.000575745998235
110 0.999561590382
111 -0.215351191778
112 0.878588474935
113 0.00667458870489
114 0.994900068523
115 -0.20613199829
116 0.88247095109
117 6.12694816672e-05
118 0.999953300722
119 -0.216128536634
120 0.878265107006
121 0.00722400386397
122 0.994479135402
123 -0.205302362543
124 0.882824677205
125 -0.000542809194602
126 0.999586648415
127 -0.215400906822
128 0.878567775566
129 0.00670976421069
130 0.994873124076
131 -0.206078878181
132 0.882493577826
133 2.26362577568e-05
134 0.999982747012
135 -0.216186989145
136 0.878240816145
137 0.00726526633527
138 0.994447515272
139 -0.205240060033
140 0.882851269992
141 -0.00058823373738
142 0.99955209052
143 -0.21533234453
144 0.878596322838
145 0.0066612521282
146 0.994910284159
147 -0.206152138592
148 0.882462373019
149 7.59155292239e-05
150 0.999942137265
151 -0.216106377165
152 0.878274316629
153 0.00720835931753
154 0.994491123828
155 -0.20532598455
156 0.882814595616
157 -0.000525588684342
158 0.999599750699
159 -0.215426902373
160 0.878556953052
161 0.0067281551155
162 0.994859036356
163 -0.206051105462
164 0.882505408915
165 2.43525796462e-06
166 0.9999981439
167 -0.216217553746
168 0.878228115925
169 0.00728683950032
170 0.994430983002
171 -0.205207486843
172 0.882865174946
173 -0.000611986106622
174 0.999534022324
175 -0.215296498807
176 0.878611249823
177 0.00663588514632
178 0.994929714639
179 -0.206190446884
180 0.882446058093
181 0.000103770926101
182 0.999920905089
183 -0.216064232206
184 0.878291833729
185 0.00717860223276
186 0.994513926313
187 -0.205370915646
188 0.882795421189
189 -0.000492837145868
190 0.999624671843
191 -0.215476348379
192 0.878536369502
193 0.00676313247116
194 0.994832242621
195 -0.205998285392
196 0.882527912336
197 -3.59890212678e-05
198 0.999972571592
199 -0.21616679011
200 0.87824920978
201 0.00725100834793
202 0.994458441519
203 -0.205261588191
204 0.882842080594
205 -0.000572536675593
206 0.999564031888
207 -0.215356035644
208 0.878586458031
209 0.0066780161725
210 0.994897443113
211 -0.206126822294
212 0.882473155697
213 5.75053498927e-05
214 0.999956169786
215 -0.21613423178
216 0.878262740146
217 0.00722802446225
218 0.994476054392
219 -0.20529629178
220 0.882827268229
221 -0.000547234994656
222 0.999583281149
223 -0.21539422608
224 0.878570557015
225 0.00670503760192
226 0.994876744701
227 -0.206086016014
228 0.882490537263
229 2.78278216544e-05
230 0.999978790045
231 -0.216179134212
232 0.878244080185
233 0.00725972183765
234 0.994451764171
235 -0.205248431668
236 0.882847696461
237 -0.000582129514938
238 0.999556734168
239 -0.215341557265
240 0.878592486655
241 0.00666777128056
242 0.99490529059
243 -0.20614229365
244 0.882466566081
245 6.87563877046e-05
246 0.999947594095
247 -0.216117208934
248 0.878269814811
249 0.00721600665517
250 0.994485263686
251 -0.205314437672
252 0.882819523611
253 -0.000534006239211
254 0.999593346082
255 -0.215414195252
256 0.878562243217
257 0.00671916546687
258 0.994865922591
259 -0.206064681012
260 0.882499625673
261 1.23098943912e-05
262 0.999990617635
263 -0.21620261316
264 0.878234323927
265 0.00727629435025
266 0.994439064152
267 -0.205223408876
268 0.882858377955
269 -0.000600375471726
270 0.999542854247
271 -0.215314020461
272 0.878603953239
273 0.00664828504886
274 0.994920216667
275 -0.206171720968
276 0.882454032987
277 9.01550082469e-05
278 0.999931283584
279 -0.216084832923
280 0.878283271037
281 0.00719314814126
282 0.994502780027
283 -0.205348952304
284 0.882804793819
285 -0.000508846293083
286 0.999612489907
287 -0.21545217801
288 0.878546430914
289 0.00674603535515
290 0.994845339628
291 -0.206024104056
292 0.882516912206
293 -1.72063209982e-05
294 0.9999868861
295 -0.21619520565
296 0.878237401925
297 0.00727106591522
298 0.994443070877
299 -0.205231303263
300 0.882855008002
301 -0.000594618946337
302 0.999547233217
303 -0.215322707978
304 0.878600335592
305 0.00665443288237
306 0.994915507569
307 -0.206162436741
308 0.88245798704
309 8.34040134848e-05
310 0.999936429373
311 -0.216095047124
312 0.878279025662
313 0.00720035993425
314 0.994497253706
315 -0.205338063016
316 0.882809440899
317 -0.000516783918316
318 0.999606450118
319 -0.215440194518
320 0.878551419509
321 0.00673755827832
322 0.994851833312
323 -0.206036905489
324 0.882511458372
325 -7.89400268331e-06
326 0.999993983448
327 -0.216209294704
328 0.878231547633
329 0.00728101027942
330 0.994435450164
331 -0.205216288328
332 0.882861417628
333 -0.00060556783562
334 0.999538904503
335 -0.215306184537
336 0.878607216333
337 0.00664273972147
338 0.994924464241
339 -0.206180095327
340 0.882450466514
341 9.62442348126e-05
342 0.999926642191
343 -0.216075619988
344 0.878287100342
345 0.00718664311214
346 0.994507764737
347 -0.205358774449
348 0.882800602257
349 -0.000501686771881
350 0.999617937766
351 -0.215462987143
352 0.878541931317
353 0.00675368143732
354 0.994839482474
355 -0.206012557553
356 0.882521831546
357 -2.56060534789e-05
358 0.999980484461
359 -0.216182497772
360 0.878242682483
361 0.0072620960626
362 0.99444994474
363 -0.205244846825
364 0.882849226685
365 -0.000584743403701
366 0.999554745701
367 -0.215337612251
368 0.878594129349
369 0.0066649797155
370 0.994907428888
371 -0.206146509348
372 0.882464770559
373 7.18220265651e-05
374 0.999945257412
375 -0.216112570625
376 0.878271742535
377 0.00721273199224
378 0.994487773058
379 -0.205319382152
380 0.882817413381
381 -0.000530401728575
382 0.999596088604
383 -0.215419636557
384 0.8785599779
385 0.00672301495732
386 0.994862973817
387 -0.206058867772
388 0.882502102114
389 8.0814859984e-06
390 0.999993840456
391 -0.216209010849
392 0.878231665579
393 0.00728080993179
394 0.994435603697
395 -0.205216590832
396 0.882861288492
397 -0.000605347245425
398 0.999539072301
399 -0.215306517431
400 0.878607077705
401 0.00664297530691
402 0.994924283789
403 -0.206179739554
404 0.882450618029
405 9.59855454776e-05
406 0.999926839372
407 -0.216076011382
408 0.87828693766
409 0.00718691946943
410 0.994507552969
411 -0.205358357168
412 0.882800780328
413 -0.000501990930361
414 0.999617706322
415 -0.215462527931
416 0.878542122474
417 0.00675335660842
418 0.994839731304
419 -0.206013048084
420 0.882521622555
421 -2.52492016917e-05
422 0.999980756422
423 -0.216183037641
424 0.878242458146
425 0.00726247713546
426 0.994449652714
427 -0.205244271443
428 0.882849472293
429 -0.000585162946034
430 0.999554426543
431 -0.21533697906
432 0.878594393009
433 0.00666453165511
434 0.994907772095
435 -0.20614718599
436 0.882464482371
437 7.23140738237e-05
438 0.999944882365
439 -0.216111826158
440 0.878272051945
441 0.00721220639189
442 0.994488175825
443 -0.205320175767
444 0.88281707468
445 -0.000529823190608
446 0.999596528792
447 -0.215420509915
448 0.878559614308
449 0.00672363281529
450 0.994862500527
451 -0.206057934725
452 0.882502499596
453 7.40280384703e-06
454 0.999994357735
455 -0.216210037712
456 0.878231238903
457 0.00728153469936
458 0.994435048281
459 -0.205215496511
460 0.882861755648
461 -0.000606145242366
462 0.999538465284
463 -0.215305313169
464 0.878607579198
465 0.0066421230638
466 0.994924936583
467 -0.206181026583
468 0.882450069915
469 9.69213669384e-05
470 0.999926126059
471 -0.216074595495
472 0.878287526172
473 0.00718591973187
474 0.994508319051
475 -0.205359866704
476 0.882800136148
477 -0.000500890622152
478 0.999618543584
479 -0.215464189155
480 0.878541430954
481 0.00675453169281
482 0.994838831148
483 -0.206011273567
484 0.882522378592
485 -2.65401327568e-05
486 0.999979772587
487 -0.216181084641
488 0.878243269697
489 0.00726109858322
490 0.994450709135
491 -0.205246352919
492 0.882848583793
493 -0.000583645231537
494 0.999555581113
495 -0.215339269663
496 0.878593439205
497 0.00666615253489
498 0.994906530526
499 -0.206144738208
500 0.882465524909
501 7.05340650362e-05
502 0.99994623912
503 -0.216114519309
504 0.878270932642
505 0.00721410777579
506 0.994486718797
507 -0.205317304828
508 0.882818299949
509 -0.000531916084898
510 0.999594936389
511 -0.215417350502
512 0.878560929624
513 0.00672139767837
514 0.994864212681
515 -0.206061310076
516 0.882501061688
517 9.85796739272e-06
518 0.999992486453
519 -0.216206322986
520 0.878232782426
521 0.00727891281003
522 0.994437057532
523 -0.205219455281
524 0.882860065688
525 -0.00060325845304
526 0.999540661203
527 -0.215309669661
528 0.878605765024
529 0.00664520609051
530 0.99492257507
531 -0.206176370702
532 0.882452052749
533 9.35359759285e-05
534 0.99992870651
535 -0.216079717553
536 0.878285397202
537 0.00718953632476
538 0.994505547713
539 -0.205354405895
540 0.882802466508
541 -0.000504871055674
542 0.999615514749
543 -0.215458179609
544 0.87854393257
545 0.00675028075077
546 0.994842087517
547 -0.206017692995
548 0.882519643595
549 -2.18701384109e-05
550 0.99998333167
551 -0.216188149747
552 0.878240333874
553 0.00726608554925
554 0.994446887484
555 -0.205238823103
556 0.882851797997
557 -0.000589135664313
558 0.999551404408
559 -0.215330983327
560 0.878596889651
561 0.00666028889291
562 0.99491102198
563 -0.206153593229
564 0.882461753483
565 7.6973309193e-05
566 0.999941331003
567 -0.216104776747
568 0.878274981792
569 0.00720722938607
570 0.994491989689
571 -0.20532769066
572 0.882813867492
573 -0.00052434497263
574 0.999600697009
575 -0.215428779917
576 0.878556171417
577 0.00672948335421
578 0.994858018897
579 -0.20604909965
580 0.882506263416
581 9.762287001e-07
582 0.99999925594
583 -0.216219761299
584 0.878227198678
585 0.00728839756467
586 0.994429788992
587 -0.205205134339
588 0.882866179234
589 -0.000613701642148
590 0.999532717387
591 -0.21529390996
592 0.878612327929
593 0.00663405299009
594 0.994931118012
595 -0.206193213751
596 0.882444879786
597 0.000105782695008
598 0.999919371644
599 -0.216061188432
600 0.878293098912
601 0.00717645298653
602 0.994515573234
603 -0.205374160871
604 0.882794036366
605 -0.000490471780777
606 0.999626471788
607 -0.215479919713
608 0.878534882912
609 0.00676565858069
610 0.994830307516
611 -0.20599447068
612 0.882529537667
613 -3.87642920263e-05
614 0.999970456601
615 -0.216162591716
616 0.878250954459
617 0.00724804470163
618 0.99446071262
619 -0.205266063016
620 0.882840170555
621 -0.000569274024069
622 0.999566513991
623 -0.215360960068
624 0.878584407609
625 0.00668150059199
626 0.994894774071
627 -0.206121560297
628 0.882475396963
629 5.36786162172e-05
630 0.999959086556
631 -0.21614002165
632 0.878260333953
633 0.00723211186305
634 0.994472922182
635 -0.205290120157
636 0.88282990234
637 -0.000551734406886
638 0.999579857926
639 -0.21538743435
640 0.878573384719
641 0.0067002323742
642 0.994880425535
643 -0.206093272582
644 0.882487446176
645 3.31056319153e-05
646 0.999974767327
647 -0.216171148798
648 0.878247398508
649 0.0072540851074
650 0.994456083732
651 -0.205256942579
652 0.882844063554
653 -0.000575923895662
