1 7.56015708031
2 3.82068071966
3 8.48887955597
4 3.36191607291
5 9.98891853654
6 2.81587374034
7 12.6525145701
8 2.18557459024
9 18.2908410601
10 1.48288712078
11 36.4382144967
12 0.728638586211
13 -524.848273505
14 0.0495806806129
15 -35.0805830323
16 0.756786765634
17 -1239.27678007
18 0.0209800613093
19 -33.7480380175
20 0.787299791619
21 2608.02664446
22 0.00996603031505
23 -33.2613399161
24 0.799065703487
25 1187.15634679
26 0.0219020350509
27 -33.7894219994
28 0.786315266943
29 2898.30611311
30 0.00896761048367
31 -33.2179097607
32 0.800132704032
33 1131.26786671
34 0.0229848288777
35 -33.8381536157
36 0.785159088055
37 3334.10501582
38 0.00779518031885
39 -33.167054045
40 0.801385757218
41 1072.00125459
42 0.0242565074295
43 -33.8955648016
44 0.783801328741
45 4049.09999936
46 0.00641842805898
47 -33.1075328212
48 0.802857306476
49 1009.86998739
50 0.0257500376525
51 -33.9632394903
52 0.782206846347
53 5412.08457656
54 0.00480176785155
55 -33.0379101376
56 0.804585453083
57 945.514888333
58 0.0275041468855
59 -34.0430653636
60 0.7803343729
61 8950.1438844
62 0.00290342445161
63 -32.9565271733
64 0.806614942926
65 879.682080175
66 0.0295643317786
67 -34.1372977921
68 0.778135448058
69 38531.7876934
70 0.000674360006949
71 -32.861473252
72 0.808998325348
73 813.190768449
74 0.0319840447797
75 -34.2486394264
76 0.775553166472
77 -13372.3277102
78 0.0019432126117
79 -32.9155139687
80 0.807641587295
81 849.752955031
82 0.0306065880903
83 -34.1851682201
84 0.777023116922
85 -57343.5200674
86 0.000453130786123
87 -32.8520691
88 0.809234889324
89 807.135470907
90 0.0322242314511
91 -34.2597308804
92 0.775296865434
93 -11795.2853084
94 0.00220303940914
95 -32.9266018475
96 0.807363777903
97 857.648884753
98 0.030324548516
99 -34.1722010838
100 0.7773241115
101 -175527.769483
102 0.000148032852928
103 -32.8391085758
104 0.809561141117
105 798.930907096
106 0.0325554843438
107 -34.2750393568
108 0.774943395145
109 -10145.2185899
110 0.00256137977194
111 -32.9419058918
112 0.806980644624
113 868.782231392
114 0.0299355881113
115 -34.1543341601
116 0.777739221954
117 95273.4043577
118 0.000272730651813
119 -32.8444044953
120 0.809427796648
121 802.264005254
122 0.0324200951507
123 -34.2687808556
124 0.775087864062
125 -10760.4603616
126 0.00241491931105
127 -32.9356491323
128 0.807137237325
129 864.197107425
130 0.0300945614971
131 -34.1616343688
132 0.777569559396
133 257886.156993
134 0.000100757021631
135 -32.8371012135
136 0.809611695387
137 797.674475105
138 0.0326068140715
139 -34.2774127191
140 0.774888623386
141 -9929.96745591
142 0.0026169069609
143 -32.9442786191
144 0.806921276418
145 870.533313394
146 0.0298753176741
147 -34.1515672953
148 0.777803545367
149 76891.6018042
150 0.000337930656133
151 -32.8471742175
152 0.809358076046
153 804.01784974
154 0.0323493058233
155 -34.2655094526
156 0.775163401312
157 -11112.8274201
158 0.00233834134677
159 -32.9323786783
160 0.807219113609
161 861.818940463
162 0.0301776830749
163 -34.1654526259
164 0.777480849539
165 2397156.88304
166 1.08394114185e-05
167 -32.8332839267
168 0.809707848953
169 795.295632961
170 0.0327044429255
171 -34.281927743
172 0.774784448322
173 -9544.79259804
174 0.00272251942677
175 -32.9487924736
176 0.806808358955
177 873.883404093
178 0.0297606847029
179 -34.1463060127
180 0.777925887714
181 56249.8989889
182 0.000461940881614
183 -32.8524435028
184 0.809225468481
185 807.374890129
186 0.0322146662814
187 -34.2592890389
188 0.775307072263
189 -11850.9436455
190 0.0021926920833
191 -32.9261601426
192 0.807374841276
193 857.33163553
194 0.0303357802704
195 -34.1727172913
196 0.777312124787
197 -162213.902656
198 0.000160182854434
199 -32.8396245122
200 0.809548148574
201 799.254452164
202 0.0325422925292
203 -34.274429452
204 0.774957471597
205 -10202.0543441
206 0.0025471092075
207 -32.9412961525
208 0.80699590237
209 868.333337308
210 0.0299510777633
211 -34.1550453232
212 0.777722690719
213 101510.104291
214 0.000255974166763
215 -32.8436927482
216 0.809445714981
217 801.814499144
218 0.0324382881903
219 -34.2696217149
220 0.775068450851
221 -10673.4816001
222 0.00243460005239
223 -32.9364897519
224 0.807116194968
225 864.810422555
226 0.0300731991556
227 -34.1606532094
228 0.777592358011
229 209773.776114
230 0.000123866099624
231 -32.8380824094
232 0.809586983743
233 798.288142688
234 0.0325817233559
235 -34.2762525444
236 0.774915396593
237 -10034.0321208
238 0.00258976446246
239 -32.943118753
240 0.806950296434
241 869.676478659
242 0.0299047786901
243 -34.1529197211
244 0.777772103169
245 84898.416153
246 0.000306059939826
247 -32.8458202788
248 0.809392156459
249 803.159588669
250 0.0323839086119
251 -34.2671084814
252 0.775126477629
253 -10937.7475945
254 0.00237577369448
255 -32.9339772399
256 0.807179091319
257 862.979784527
258 0.0301370520227
259 -34.1635860995
260 0.777524212163
261 474223.221509
262 5.4792349714e-05
263 -32.8351497577
264 0.809660847725
265 796.456669273
266 0.0326567204931
267 -34.2797205846
268 0.774835370554
269 -9729.2660829
270 0.00267089447592
271 -32.9465858806
272 0.8068635546
273 872.242616821
274 0.0298167188262
275 -34.1488775964
276 0.777866085029
277 64746.0820181
278 0.00040132281338
279 -32.8498675868
280 0.809290288923
281 805.730425799
282 0.0322804798643
283 -34.2623293785
284 0.775236843848
285 -11478.2769036
286 0.00226388734319
287 -32.9291995524
288 0.807298719375
289 859.519240245
290 0.0302584999465
291 -34.1691658282
292 0.777394599802
293 -339282.8716
294 7.65845344999e-05
295 -32.8360749283
296 0.809637544226
297 797.033576362
298 0.0326330594612
299 -34.2786263687
300 0.774860618124
301 -9823.39893723
302 0.00264529856232
303 -32.9454919494
304 0.806890920951
305 871.431386984
306 0.0298445009614
307 -34.1501527495
308 0.777836434495
309 69987.3148257
310 0.000371268078909
311 -32.8485905839
312 0.809322427311
313 804.917571808
314 0.0323131107415
315 -34.2638370011
316 0.775202024177
317 -11302.0640956
318 0.00229918651119
319 -32.9307067223
320 0.807260977671
321 860.608013567
322 0.030220184006
323 -34.1674052686
324 0.777435491451
325 -739517.820802
326 3.51361221355e-05
327 -32.8343153119
328 0.809681867163
329 795.937022934
330 0.0326780624473
331 -34.2807076132
332 0.774812597597
333 -9645.89376654
334 0.00269398167334
335 -32.9475726549
336 0.806838870529
337 872.975631756
338 0.0297916597587
339 -34.1477275087
340 0.777892829411
341 60649.3265784
342 0.000428431819197
343 -32.8510195126
344 0.809261300542
345 806.465018591
346 0.032251047312
347 -34.2609696391
348 0.775268250723
349 -11641.9989641
350 0.0022320480415
351 -32.927840226
352 0.80733276188
353 858.539542123
354 0.0302930604723
355 -34.1707539869
356 0.777357716107
357 -227987.456721
358 0.000113970524099
359 -32.8376622428
360 0.809597565552
361 798.025247646
362 0.032592467483
363 -34.2767493347
364 0.774903931999
365 -9989.20460847
366 0.00260138718537
367 -32.9436154108
368 0.806937869731
369 870.043178505
370 0.02989216314
371 -34.1523405836
372 0.777785567077
373 81274.3779044
374 0.000319707337626
375 -32.8464000369
376 0.809377562835
377 803.526881442
378 0.0323690912936
379 -34.2664237404
380 0.775142288771
381 -11012.0388224
382 0.00235974472462
383 -32.9332926982
384 0.807196229321
385 862.482315171
386 0.0301544506925
387 -34.1643853421
388 0.77750564379
389 722350.12818
390 3.59711843811e-05
391 -32.8343507611
392 0.809680974187
393 795.959085467
394 0.0326771557687
395 -34.2806656798
396 0.774813565069
397 -9649.40663042
398 0.00269300085081
399 -32.9475307322
400 0.806839919191
401 872.944465755
402 0.0297927243515
403 -34.1477763666
404 0.777891693219
405 60812.797477
406 0.000427280136459
407 -32.8509705732
408 0.809262532066
409 806.433783371
410 0.0322522977049
411 -34.2610274032
412 0.775266916453
413 -11634.9485618
414 0.00223340068098
415 -32.9278979725
416 0.80733131564
417 858.581117568
418 0.0302915922234
419 -34.1706865136
420 0.77735928305
421 -231209.564501
422 0.000112382239672
423 -32.8375948052
424 0.80959926398
425 797.98306792
426 0.032594191965
427 -34.2768290732
428 0.774902091879
429 -9982.04686504
430 0.00260325268613
431 -32.9436951281
432 0.806935875188
433 870.102064306
434 0.0298901382875
435 -34.1522476312
436 0.777787728096
437 80721.3222714
438 0.00032189780823
439 -32.8464930927
440 0.809375220492
441 803.585864897
442 0.0323667130477
443 -34.266313839
444 0.775144826532
445 -11024.0569955
446 0.00235717200334
447 -32.9331828289
448 0.807198980048
449 862.402522486
450 0.0301572432599
451 -34.1645136277
452 0.777502663481
453 788575.04906
454 3.29503035639e-05
455 -32.8342225222
456 0.809684204576
457 795.879278899
458 0.0326804357258
459 -34.2808173768
460 0.77481006519
461 -9636.71076114
462 0.00269654902748
463 -32.9476823903
464 0.806836125601
465 873.057220919
466 0.0297888731321
467 -34.147599621
468 0.777895803451
469 60225.564928
470 0.000431446408914
471 -32.8511476146
472 0.809258076964
473 806.546789856
474 0.0322477743441
475 -34.2608184396
476 0.775271743244
477 -11660.4942772
478 0.00222850743798
479 -32.9276890727
480 0.80733654749
481 858.4307353
482 0.0302969036905
483 -34.1709306033
484 0.777353614551
485 -219963.649505
486 0.00011812794173
487 -32.8378387656
488 0.809593119827
489 798.135676383
490 0.0325879535627
491 -34.2765406169
492 0.774908748607
493 -10007.9890655
494 0.0025965041413
495 -32.9434067486
496 0.806943090549
497 869.889079598
498 0.0298974632975
499 -34.1525838936
500 0.777779910498
501 82758.5655386
502 0.000313973668521
503 -32.8461564612
504 0.80938369404
505 803.372530178
506 0.0323753164774
507 -34.2667114166
508 0.775135646052
509 -10980.7043412
510 0.00236647895798
511 -32.9335802905
512 0.807189029149
513 862.691246596
514 0.0301471410044
515 -34.1640495525
516 0.777513444902
517 592176.038805
518 4.38784993404e-05
519 -32.8346864379
520 0.809672518476
521 796.168059102
522 0.0326685703137
523 -34.2802686114
524 0.774822726186
525 -9682.79765737
526 0.00268371331781
527 -32.9471337659
528 0.806849849112
529 872.649461113
530 0.0298028051224
531 -34.1482390164
532 0.777880934475
533 62405.5479492
534 0.000416374707025
535 -32.8505071674
536 0.809274193526
537 806.138132915
538 0.0322641378421
539 -34.2615743886
540 0.775254282078
541 -11568.6082471
542 0.00224620900539
543 -32.9284447912
544 0.807317621003
545 858.975000546
546 0.0302776891902
547 -34.1700476128
548 0.777374120641
549 -266931.882233
550 9.73425757552e-05
551 -32.8369562434
552 0.809615346621
553 797.583883529
554 0.0326105213172
555 -34.2775841459
556 0.774884667549
557 -9914.77427884
558 0.00262091736552
559 -32.9444500005
560 0.806916988608
561 870.660056968
562 0.0298709647083
563 -34.1513674788
564 0.777808191065
565 75834.8644879
566 0.000342639673242
567 -32.8473742764
568 0.809353040544
569 804.144816439
570 0.0323441931438
571 -34.2652732032
572 0.775168856918
573 -11139.1724743
574 0.00233281059118
575 -32.9321424986
576 0.807225027046
577 861.647686387
578 0.0301836864656
579 -34.1657284294
580 0.777474442558
581 5979852.77886
582 4.3452181004e-06
583 -32.8330082618
584 0.809714793552
585 795.124372688
586 0.032711494096
587 -34.282253883
588 0.774776924382
589 -9518.12748955
590 0.00273014721082
591 -32.9491185311
592 0.806800203604
593 874.126359856
594 0.0297524054768
595 -34.1459260854
596 0.777934723776
597 55180.0308385
598 0.000470897436037
599 -32.8528241384
600 0.809215891031
601 807.618434975
602 0.032204942111
603 -34.2588398643
604 0.775317448765
605 -11908.0682507
606 0.0021821727559
607 -32.9257111074
608 0.807386088561
609 857.009353045
610 0.0303471987427
611 -34.1732420962
612 0.777299938814
613 -150600.861793
614 0.000172534839949
615 -32.840149042
616 0.809534940051
617 799.583644416
618 0.0325288814315
619 -34.2738094311
620 0.774971782049
621 -10260.4914229
622 0.00253260142975
623 -32.9406763007
624 0.807011413753
625 867.877456346
626 0.0299668249208
627 -34.1557683391
628 0.777705884679
629 108747.147463
630 0.000238939148674
631 -32.8429692014
632 0.80946393118
633 801.358036776
634 0.0324567836802
635 -34.2704765952
636 0.775048714929
637 -10586.4865902
638 0.00245460797934
639 -32.9373443903
640 0.807094802817
641 865.434826144
642 0.0300514817252
643 -34.1596557984
644 0.777615535622
645 176330.010829
646 0.000147359363194
647 -32.8390799773
648 0.80956186131
649 798.912980245
650 0.0325562155831
651 -34.2750731652
652 0.774942614869
653 -10142.0866305
