1 5.83863627402
2 2.96180124925
3 6.55256057469
4 2.60826360838
5 7.70554905701
6 2.18710013887
7 9.75282682835
8 1.70026775469
9 14.0870187398
10 1.15626543625
11 28.0418271295
12 0.570042375839
13 403.808267623
14 0.0389500059401
15 27.0213644085
16 0.591977987171
17 953.465918844
18 0.0164850954639
19 25.9975909133
20 0.6157505785
21 2006.52665798
22 0.00783144308416
23 25.6237084991
24 0.624915739968
25 913.354926021
26 0.0172094215254
27 26.0293832094
28 0.614983633689
29 2229.85834356
30 0.00704692256845
31 25.590346494
32 0.625746845393
33 870.356148506
34 0.0180600796167
35 26.0668203618
36 0.614082962204
37 2565.14800858
38 0.00612565671983
39 25.551280591
40 0.626722861144
41 824.758349077
42 0.0190591112222
43 26.1109257133
44 0.613025247072
45 3115.24217539
46 0.00504381960891
47 25.5055584232
48 0.627869052822
49 776.956581202
50 0.020232406255
51 26.1629162483
52 0.611783105773
53 4163.87873941
54 0.0037734376015
55 25.4520771153
56 0.629215090794
57 727.443874599
58 0.0216103760132
59 26.2242423701
60 0.61032438144
61 6885.94800858
62 0.00228166872853
63 25.389562667
64 0.630795817908
65 676.794273238
66 0.0232287441816
67 26.2966370495
68 0.608611310544
69 29645.1155955
70 0.000529957417005
71 25.3165477182
72 0.632652150913
73 625.638048797
74 0.0251294767069
75 26.3821770102
76 0.606599545567
77 10288.2455546
78 0.00152709284238
79 25.3580585699
80 0.631595439662
81 653.767789379
82 0.0240474652713
83 26.3334141233
84 0.607744737722
85 44118.2701343
86 0.000356101205324
87 25.3093240412
88 0.632836400321
89 620.979302846
90 0.0253181444963
91 26.3906982541
92 0.606399868045
93 9074.91973526
94 0.00173127699752
95 25.3665756539
96 0.631379063127
97 659.842657671
98 0.0238259166139
99 26.3234519335
100 0.607979231389
101 135045.439772
102 0.000116334614968
103 25.2993685985
104 0.633090503088
105 614.666982543
106 0.0255783441755
107 26.4024593325
108 0.606124487764
109 7805.41135202
110 0.0020128764827
111 25.3783313796
112 0.631080652496
113 668.408288125
114 0.0235203776801
115 26.3097254356
116 0.608302627515
117 73300.2949341
118 0.000214330708814
119 25.3034365818
120 0.632986647193
121 617.231358116
122 0.0254719958963
123 26.397651097
124 0.606237040154
125 8278.75862804
126 0.00189778164393
127 25.3735252778
128 0.631202617809
129 664.880644634
130 0.0236452557871
131 26.315333913
132 0.608170450267
133 198409.329497
134 7.91819731715e-05
135 25.2978266731
136 0.633129877462
137 613.700325299
138 0.0256186636485
139 26.4042827229
140 0.606081816319
141 7639.80403708
142 0.00205651203699
143 25.3801539805
144 0.631034412358
145 669.755513003
146 0.0234730334663
147 26.3075997581
148 0.60835273924
149 59157.9258177
150 0.000265569278252
151 25.3055641046
152 0.632932344967
153 618.580708113
154 0.0254163907618
155 26.3951377687
156 0.606295889423
157 8549.85853548
158 0.00183760333492
159 25.371013095
160 0.631266388705
161 663.050961251
162 0.0237105500323
163 26.3182673391
164 0.608101339924
165 1844295.58918
166 8.51837953715e-06
167 25.2948944826
168 0.633204766965
169 611.870122791
170 0.0256953509778
171 26.4077514956
172 0.606000655815
173 7343.46286207
174 0.00213950656863
175 25.3836212812
176 0.630946464225
177 672.332962576
178 0.0233829857586
179 26.3035577156
180 0.608448051055
181 43276.8619485
182 0.000363024758239
183 25.3096116337
184 0.632829062842
185 621.163504087
186 0.0253106310218
187 26.3903587999
188 0.60640781993
189 9117.74147388
190 0.00172314559561
191 25.3662363608
192 0.631387680032
193 659.598576564
194 0.0238347394358
195 26.3238485171
196 0.607969892998
197 124802.177801
198 0.000125882928437
199 25.2997649073
200 0.633080383797
201 614.915907425
202 0.0255679820076
203 26.4019907592
204 0.606135454408
205 7849.13895741
206 0.0020016620791
207 25.3778630109
208 0.631092536299
209 668.062923787
210 0.023532545254
211 26.3102717954
212 0.608289748706
213 78098.6117624
214 0.000201162322573
215 25.3028898634
216 0.633000602968
217 616.885522968
218 0.02548628655
219 26.398297106
220 0.606221915779
221 8211.83996007
222 0.00191324761914
223 25.3741709958
224 0.631186228563
225 665.352509109
226 0.023628475078
227 26.3145801246
228 0.608188211758
229 161393.2073
230 9.73426998228e-05
231 25.298580364
232 0.633110630712
233 614.172460853
234 0.0255989549089
235 26.4033913918
236 0.606102674725
237 7719.86805071
238 0.00203518234716
239 25.3792630339
240 0.631057015192
241 669.096292549
242 0.0234961759722
243 26.3086387755
244 0.608328243921
245 65318.111884
246 0.000240523121773
247 25.3045240957
248 0.632958888665
249 617.920390402
250 0.0254435713169
251 26.3963662581
252 0.606267123068
253 8415.15773589
254 0.00186701931713
255 25.3722410219
256 0.631235216591
257 663.944076463
258 0.0236786332527
259 26.3168333556
260 0.608135122037
261 364852.125918
262 4.30597070094e-05
263 25.2963276919
264 0.63316815992
265 612.763385747
266 0.0256578650868
267 26.4060557943
268 0.606040328217
269 7485.39084137
270 0.00209893761794
271 25.3819262946
272 0.63098945452
273 671.070594824
274 0.0234270022961
275 26.3055333648
276 0.608401461292
277 49813.5525758
278 0.000315387072223
279 25.3076329789
280 0.632879548611
281 619.898307554
282 0.0253623278023
283 26.3926946068
284 0.606353106715
285 8831.02364112
286 0.00177909406218
287 25.3685710663
288 0.631328391123
289 661.281647608
290 0.0237740337938
291 26.3211200566
292 0.608034146115
293 261033.361377
294 6.01855387861e-05
295 25.2970383477
296 0.633150009916
297 613.207238991
298 0.0256392793762
299 26.4052151374
300 0.606059998042
301 7557.81363867
302 0.00207882331414
303 25.3810859954
304 0.631010769374
305 670.446461276
306 0.0234488260098
307 26.3065130163
308 0.608378361797
309 53845.9889362
310 0.000291768058956
311 25.3066520667
312 0.632904579766
313 619.272924547
314 0.025387959443
315 26.393852871
316 0.606325979561
317 8695.45116116
318 0.00180683372885
319 25.3697287907
320 0.631298995306
321 662.119313959
322 0.0237439356319
323 26.3197674829
324 0.608066003211
325 568961.290048
326 2.7612455955e-05
327 25.2956867252
328 0.633184530974
329 612.363587032
330 0.0256746291594
331 26.4068141022
332 0.606022586304
333 7421.24685666
334 0.00211708046465
335 25.3826842817
336 0.630970228812
337 671.634552401
338 0.0234073176277
339 26.3046497964
340 0.608422296721
341 46661.6403826
342 0.000336691126655
343 25.3085178149
344 0.632856970849
345 620.463478981
346 0.0253392084441
347 26.3916499574
348 0.606377575036
349 8956.98614074
350 0.00175407330104
351 25.3675269073
352 0.631354905744
353 660.527900127
354 0.0238011819661
355 26.3223401813
356 0.60800541145
357 175406.240002
358 8.95660665547e-05
359 25.2982576193
360 0.633118872391
361 613.970198097
362 0.025607394414
363 26.4037730625
364 0.606093742917
365 7685.37920129
366 0.00204431596113
367 25.3796445396
368 0.6310473364
369 669.378419345
370 0.0234862660829
371 26.3081938461
372 0.608338733097
373 62529.8931305
374 0.000251248168028
375 25.3049694287
376 0.63294752235
377 618.202973327
378 0.0254319322874
379 26.3958401906
380 0.60627944115
381 8472.31502266
382 0.00185442305087
383 25.3717151947
384 0.631248564847
385 663.561339915
386 0.023692300376
387 26.3174473842
388 0.60812065615
389 555753.006941
390 2.82687069007e-05
391 25.295713955
392 0.633183835476
393 612.380561216
394 0.0256739169648
395 26.4067818858
396 0.606023340041
397 7423.9495414
398 0.00211630969505
399 25.3826520789
400 0.630971045585
401 671.610574305
402 0.0234081538982
403 26.3046873321
404 0.608421411562
405 46787.4096471
406 0.000335786058161
407 25.3084802228
408 0.632857930028
409 620.439447635
410 0.0253401906317
411 26.3916943359
412 0.60637653554
413 8951.5617875
414 0.00175513626647
415 25.3675712649
416 0.631353779314
417 660.559886906
418 0.0238000286195
419 26.322288344
420 0.608006632195
421 177885.226349
422 8.83178817955e-05
423 25.2982058181
424 0.633120195218
425 613.93774641
426 0.0256087489935
427 26.4038343234
428 0.606092309321
429 7679.8722632
430 0.00204578194825
431 25.3797057741
432 0.63104578291
433 669.423724143
434 0.0234846755009
435 26.3081224344
436 0.608340416657
437 62104.3898709
438 0.000252969587464
439 25.3050409082
440 0.632945698005
441 618.248353248
442 0.0254300641708
443 26.3957557564
444 0.606281418259
445 8481.56141945
446 0.00185240129359
447 25.3716307991
448 0.631250707303
449 663.49995005
450 0.0236944940126
451 26.3175459413
452 0.608118334309
453 606704.336288
454 2.5894685161e-05
455 25.2956154502
456 0.633186351474
457 612.319160681
458 0.0256764933657
459 26.4068984306
460 0.606020613361
461 7414.181747
462 0.00211909799424
463 25.3827685745
464 0.630968090867
465 671.697324419
466 0.0234051286462
467 26.3045515452
468 0.608424613671
469 46335.6117649
470 0.000339060190635
471 25.3086162147
472 0.632854460147
473 620.526391091
474 0.0253366375174
475 26.3915337951
476 0.606380295973
477 8971.21584116
478 0.00175129093418
479 25.3674107997
480 0.631357854234
481 660.44418774
482 0.023804200911
483 26.3224758693
484 0.608002216086
485 169232.980168
486 9.28332553646e-05
487 25.2983932127
488 0.633115409822
489 614.055158318
490 0.0256038487326
491 26.4036127102
492 0.606097495428
493 7699.8313597
494 0.00204047866434
495 25.3794842566
496 0.631051402742
497 669.259860716
498 0.0234904295142
499 26.308380772
500 0.60833432629
501 63671.7794771
502 0.000246742264142
503 25.3047823294
504 0.632952297669
505 618.084220564
506 0.0254368221804
507 26.3960612042
508 0.606274265967
509 8448.20727835
510 0.00185971510663
511 25.3719361073
512 0.631242956858
513 663.722084876
514 0.0236865584198
515 26.3171894094
516 0.608126733689
517 455601.239116
518 3.44828335892e-05
519 25.2959718
520 0.63317724972
521 612.541338622
522 0.0256671731035
523 26.4064768288
524 0.606030477266
525 7449.63952598
526 0.00210901117935
527 25.3823471507
528 0.630978779713
529 671.383607438
530 0.0234160726546
531 26.3050427682
532 0.608413029875
533 48012.8207579
534 0.000327215849423
535 25.308124264
536 0.632867012622
537 620.21198394
538 0.025349491096
539 26.3921145693
540 0.606366692411
541 8900.52167815
542 0.00176520162742
543 25.3679913006
544 0.631343112998
545 660.862927501
546 0.0237891074346
547 26.3217974997
548 0.608018191591
549 205368.831487
550 7.64986627287e-05
551 25.2977153165
552 0.633132721238
553 613.630627135
554 0.0256215756868
555 26.4044144255
556 0.606078734415
557 7628.1148942
558 0.0020596635769
559 25.3802856264
560 0.631031072708
561 669.853025338
562 0.0234696140811
563 26.3074462467
564 0.608356358511
565 58344.9060312
566 0.000269269940218
567 25.3057177771
568 0.632928423041
569 618.678392096
570 0.0254123747414
571 26.3949562649
572 0.606300139755
573 8570.12757478
574 0.001833257023
575 25.3708316747
576 0.631270994495
577 662.919204002
578 0.0237152658549
579 26.3184792288
580 0.608096348497
581 4600706.86326
582 3.41478123567e-06
583 25.2946827349
584 0.633210175786
585 611.738360799
586 0.0257008896582
587 26.4080020603
588 0.605994794077
589 7322.94758332
590 0.00214550078374
591 25.3838717411
592 0.630940112255
593 672.519884748
594 0.0233764821673
595 26.303265832
596 0.608454934858
597 42453.7397197
598 0.000370063407304
599 25.3099040138
600 0.632821603389
601 621.350879446
602 0.0253029926506
603 26.3900137118
604 0.606415904003
605 9161.691312
606 0.00171487902574
607 25.365891437
608 0.631396440178
609 659.350623032
610 0.0238437089278
611 26.3242517058
612 0.607960399372
613 115867.476758
614 0.000135589973193
615 25.3001678172
616 0.633070096288
617 615.169177064
618 0.0255574475908
619 26.4015144139
620 0.606146603355
621 7894.09857059
622 0.00199026126099
623 25.3773868744
624 0.631104617652
625 667.712183976
626 0.0235449151031
627 26.3108272614
628 0.608276655806
629 83666.5605836
630 0.000187775042792
631 25.3023340814
632 0.633014790735
633 616.534335906
634 0.025500814775
635 26.398953887
636 0.606206539985
637 8144.90879113
638 0.00192897070634
639 25.3748274823
640 0.631169566871
641 665.832904681
642 0.0236114154316
643 26.3138138508
644 0.608206268506
645 135662.647309
646 0.000115805339997
647 25.2993466309
648 0.633091064013
649 614.653190217
650 0.0255789185638
651 26.4024853066
652 0.60612387987
653 7803.00172294
