-0.451618520112 0.435765590016 7.56015708031 5.83863627402
-0.451618520112 0.604478104211 3.82068071966 2.96180124925
-0.451618520112 0.407516590474 8.48887955597 6.55256057469
-0.451618520112 0.634619692097 3.36191607291 2.60826360838
-0.451618520112 0.368891400589 9.98891853654 7.70554905701
-0.451618520112 0.674660217438 2.81587374034 2.18710013887
-0.451618520112 0.315749120859 12.6525145701 9.75282682835
-0.451618520112 0.727653572455 2.18557459024 1.70026775469
-0.451618520112 0.241962179549 18.2908410601 14.0870187398
-0.451618520112 0.797486757649 1.48288712078 1.15626543625
-0.451618520112 0.13809360497 36.4382144967 28.0418271295
-0.451618520112 0.88906793838 0.728638586211 0.570042375839
-0.451618520112 -0.0112477040599 -524.848273505 403.808267623
-0.451618520112 0.991581429664 0.0495806806129 0.0389500059401
-0.451618520112 -0.199603890511 -35.0805830323 27.0213644085
-0.451618520112 0.885274038843 0.756786765634 0.591977987171
-0.451618520112 -0.00473286133904 -1239.27678007 953.465918844
-0.451618520112 0.996420303326 0.0209800613093 0.0164850954639
-0.451618520112 -0.209132222102 -33.7480380175 25.9975909133
-0.451618520112 0.881197794958 0.787299791619 0.6157505785
-0.451618520112 0.00223336605485 2608.02664446 2006.52665798
-0.451618520112 0.998296357846 0.00996603031505 0.00783144308416
-0.451618520112 -0.212843166616 -33.2613399161 25.6237084991
-0.451618520112 0.879635991474 0.799065703487 0.624915739968
-0.451618520112 0.00489333820913 1187.15634679 913.354926021
-0.451618520112 0.996263580332 0.0219020350509 0.0172094215254
-0.451618520112 -0.208822640445 -33.7894219994 26.0293832094
-0.451618520112 0.881328731885 0.786315266943 0.614983633689
-0.451618520112 0.00201013298471 2898.30611311 2229.85834356
-0.451618520112 0.998466771021 0.00896761048367 0.00704692256845
-0.451618520112 -0.213180720331 -33.2179097607 25.590346494
-0.451618520112 0.879494631835 0.800132704032 0.625746845393
-0.451618520112 0.00513384526008 1131.26786671 870.356148506
-0.451618520112 0.996079583033 0.0229848288777 0.0180600796167
-0.451618520112 -0.208459266269 -33.8381536157 26.0668203618
-0.451618520112 0.881482547653 0.785159088055 0.614082962204
-0.451618520112 0.0017478486997 3334.10501582 2565.14800858
-0.451618520112 0.99866695905 0.00779518031885 0.00612565671983
-0.451618520112 -0.213577351386 -33.167054045 25.551280591
-0.451618520112 0.879328681332 0.801385757218 0.626722861144
-0.451618520112 0.00541613827049 1072.00125459 824.758349077
-0.451618520112 0.995863575616 0.0242565074295 0.0190591112222
-0.451618520112 -0.208032790829 -33.8955648016 26.1109257133
-0.451618520112 0.881663249829 0.783801328741 0.613025247072
-0.451618520112 0.00143965557494 4049.09999936 3115.24217539
-0.451618520112 0.99890213678 0.00641842805898 0.00504381960891
-0.451618520112 -0.214043444561 -33.1075328212 25.5055584232
-0.451618520112 0.879133873804 0.802857306476 0.627869052822
-0.451618520112 0.00574744663977 1009.86998739 776.956581202
-0.451618520112 0.995610004022 0.0257500376525 0.020232406255
-0.451618520112 -0.20753230896 -33.9632394903 26.1629162483
-0.451618520112 0.881875551719 0.782206846347 0.611783105773
-0.451618520112 0.00107748179949 5412.08457656 4163.87873941
-0.451618520112 0.999178437143 0.00480176785155 0.0037734376015
-0.451618520112 -0.214591227307 -33.0379101376 25.4520771153
-0.451618520112 0.878905207399 0.804585453083 0.629215090794
-0.451618520112 0.00613623896046 945.514888333 727.443874599
-0.451618520112 0.995312356116 0.0275041468855 0.0216103760132
-0.451618520112 -0.206945050772 -34.0430653636 26.2242423701
-0.451618520112 0.882124998059 0.7803343729 0.61032438144
-0.451618520112 0.000651822626922 8950.1438844 6885.94800858
-0.451618520112 0.999503074584 0.00290342445161 0.00228166872853
-0.451618520112 -0.215235103229 -32.9565271733 25.389562667
-0.451618520112 0.878636819394 0.806614942926 0.630795817908
-0.451618520112 0.00659243104156 879.682080175 676.794273238
-0.451618520112 0.994962998552 0.0295643317786 0.0232287441816
-0.451618520112 -0.206256070335 -34.1372977921 26.2966370495
-0.451618520112 0.88241811364 0.778135448058 0.608611310544
-0.451618520112 0.000151480792342 38531.7876934 29645.1155955
-0.451618520112 0.999884538243 0.000674360006949 0.000529957417005
-0.451618520112 -0.215992048398 -32.861473252 25.3165477182
-0.451618520112 0.878321840346 0.808998325348 0.632652150913
-0.451618520112 0.00712762718095 813.190768449 625.638048797
-0.451618520112 0.994552986683 0.0319840447797 0.0251294767069
-0.451618520112 -0.205447885258 -34.2486394264 26.3821770102
-0.451618520112 0.882762579216 0.775553166472 0.606599545567
-0.451618520112 -0.000436742058767 -13372.3277102 10288.2455546
-0.451618520112 0.999667361618 0.0019432126117 0.00152709284238
-0.451618520112 -0.215561052979 -32.9155139687 25.3580585699
-0.451618520112 0.878501114166 0.807641587295 0.631595439662
-0.451618520112 0.00682303937447 849.752955031 653.767789379
-0.451618520112 0.994786350453 0.0306065880903 0.0240474652713
-0.451618520112 -0.20590781989 -34.1851682201 26.3334141233
-0.451618520112 0.88256646101 0.777023116922 0.607744737722
-0.451618520112 -0.000101812788245 -57343.5200674 44118.2701343
-0.451618520112 0.999922413463 0.000453130786123 0.000356101205324
-0.451618520112 -0.216067226224 -32.8520691 25.3093240412
-0.451618520112 0.878290589238 0.809234889324 0.632836400321
-0.451618520112 0.00718071632619 807.135470907 620.979302846
-0.451618520112 0.994512306326 0.0322242314511 0.0253181444963
-0.451618520112 -0.205367723502 -34.2597308804 26.3906982541
-0.451618520112 0.882796783372 0.775296865434 0.606399868045
-0.451618520112 -0.000495163844316 -11795.2853084 9074.91973526
-0.451618520112 0.999622901335 0.00220303940914 0.00173127699752
-0.451618520112 -0.215472835462 -32.9266018475 25.3665756539
-0.451618520112 0.878537831789 0.807363777903 0.631379063127
-0.451618520112 0.00676064765499 857.648884753 659.842657671
-0.451618520112 0.99483414609 0.030324548516 0.0238259166139
-0.451618520112 -0.20600203775 -34.1722010838 26.3234519335
-0.451618520112 0.882526313587 0.7773241115 0.607979231389
-0.451618520112 -3.32591457257e-05 -175527.769483 135045.439772
-0.451618520112 0.999974652006 0.000148032852928 0.000116334614968
-0.451618520112 -0.216170919879 -32.8391085758 25.2993685985
-0.451618520112 0.878247493636 0.809561141117 0.633090503088
-0.451618520112 0.00725392351642 798.930907096 614.666982543
-0.451618520112 0.994456207563 0.0325554843438 0.0255783441755
-0.451618520112 -0.205257186566 -34.2750393568 26.4024593325
-0.451618520112 0.882843959409 0.774943395145 0.606124487764
-0.451618520112 -0.000575745998235 -10145.2185899 7805.41135202
-0.451618520112 0.999561590382 0.00256137977194 0.0020128764827
-0.451618520112 -0.215351191778 -32.9419058918 25.3783313796
-0.451618520112 0.878588474935 0.806980644624 0.631080652496
-0.451618520112 0.00667458870489 868.782231392 668.408288125
-0.451618520112 0.994900068523 0.0299355881113 0.0235203776801
-0.451618520112 -0.20613199829 -34.1543341601 26.3097254356
-0.451618520112 0.88247095109 0.777739221954 0.608302627515
-0.451618520112 6.12694816672e-05 95273.4043577 73300.2949341
-0.451618520112 0.999953300722 0.000272730651813 0.000214330708814
-0.451618520112 -0.216128536634 -32.8444044953 25.3034365818
-0.451618520112 0.878265107006 0.809427796648 0.632986647193
-0.451618520112 0.00722400386397 802.264005254 617.231358116
-0.451618520112 0.994479135402 0.0324200951507 0.0254719958963
-0.451618520112 -0.205302362543 -34.2687808556 26.397651097
-0.451618520112 0.882824677205 0.775087864062 0.606237040154
-0.451618520112 -0.000542809194602 -10760.4603616 8278.75862804
-0.451618520112 0.999586648415 0.00241491931105 0.00189778164393
-0.451618520112 -0.215400906822 -32.9356491323 25.3735252778
-0.451618520112 0.878567775566 0.807137237325 0.631202617809
-0.451618520112 0.00670976421069 864.197107425 664.880644634
-0.451618520112 0.994873124076 0.0300945614971 0.0236452557871
-0.451618520112 -0.206078878181 -34.1616343688 26.315333913
-0.451618520112 0.882493577826 0.777569559396 0.608170450267
-0.451618520112 2.26362577568e-05 257886.156993 198409.329497
-0.451618520112 0.999982747012 0.000100757021631 7.91819731715e-05
-0.451618520112 -0.216186989145 -32.8371012135 25.2978266731
-0.451618520112 0.878240816145 0.809611695387 0.633129877462
-0.451618520112 0.00726526633527 797.674475105 613.700325299
-0.451618520112 0.994447515272 0.0326068140715 0.0256186636485
-0.451618520112 -0.205240060033 -34.2774127191 26.4042827229
-0.451618520112 0.882851269992 0.774888623386 0.606081816319
-0.451618520112 -0.00058823373738 -9929.96745591 7639.80403708
-0.451618520112 0.99955209052 0.0026169069609 0.00205651203699
-0.451618520112 -0.21533234453 -32.9442786191 25.3801539805
-0.451618520112 0.878596322838 0.806921276418 0.631034412358
-0.451618520112 0.0066612521282 870.533313394 669.755513003
-0.451618520112 0.994910284159 0.0298753176741 0.0234730334663
-0.451618520112 -0.206152138592 -34.1515672953 26.3075997581
-0.451618520112 0.882462373019 0.777803545367 0.60835273924
-0.451618520112 7.59155292239e-05 76891.6018042 59157.9258177
-0.451618520112 0.999942137265 0.000337930656133 0.000265569278252
-0.451618520112 -0.216106377165 -32.8471742175 25.3055641046
-0.451618520112 0.878274316629 0.809358076046 0.632932344967
-0.451618520112 0.00720835931753 804.01784974 618.580708113
-0.451618520112 0.994491123828 0.0323493058233 0.0254163907618
-0.451618520112 -0.20532598455 -34.2655094526 26.3951377687
-0.451618520112 0.882814595616 0.775163401312 0.606295889423
-0.451618520112 -0.000525588684342 -11112.8274201 8549.85853548
-0.451618520112 0.999599750699 0.00233834134677 0.00183760333492
-0.451618520112 -0.215426902373 -32.9323786783 25.371013095
-0.451618520112 0.878556953052 0.807219113609 0.631266388705
-0.451618520112 0.0067281551155 861.818940463 663.050961251
-0.451618520112 0.994859036356 0.0301776830749 0.0237105500323
-0.451618520112 -0.206051105462 -34.1654526259 26.3182673391
-0.451618520112 0.882505408915 0.777480849539 0.608101339924
-0.451618520112 2.43525796462e-06 2397156.88304 1844295.58918
-0.451618520112 0.9999981439 1.08394114185e-05 8.51837953715e-06
-0.451618520112 -0.216217553746 -32.8332839267 25.2948944826
-0.451618520112 0.878228115925 0.809707848953 0.633204766965
-0.451618520112 0.00728683950032 795.295632961 611.870122791
-0.451618520112 0.994430983002 0.0327044429255 0.0256953509778
-0.451618520112 -0.205207486843 -34.281927743 26.4077514956
-0.451618520112 0.882865174946 0.774784448322 0.606000655815
-0.451618520112 -0.000611986106622 -9544.79259804 7343.46286207
-0.451618520112 0.999534022324 0.00272251942677 0.00213950656863
-0.451618520112 -0.215296498807 -32.9487924736 25.3836212812
-0.451618520112 0.878611249823 0.806808358955 0.630946464225
-0.451618520112 0.00663588514632 873.883404093 672.332962576
-0.451618520112 0.994929714639 0.0297606847029 0.0233829857586
-0.451618520112 -0.206190446884 -34.1463060127 26.3035577156
-0.451618520112 0.882446058093 0.777925887714 0.608448051055
-0.451618520112 0.000103770926101 56249.8989889 43276.8619485
-0.451618520112 0.999920905089 0.000461940881614 0.000363024758239
-0.451618520112 -0.216064232206 -32.8524435028 25.3096116337
-0.451618520112 0.878291833729 0.809225468481 0.632829062842
-0.451618520112 0.00717860223276 807.374890129 621.163504087
-0.451618520112 0.994513926313 0.0322146662814 0.0253106310218
-0.451618520112 -0.205370915646 -34.2592890389 26.3903587999
-0.451618520112 0.882795421189 0.775307072263 0.60640781993
-0.451618520112 -0.000492837145868 -11850.9436455 9117.74147388
-0.451618520112 0.999624671843 0.0021926920833 0.00172314559561
-0.451618520112 -0.215476348379 -32.9261601426 25.3662363608
-0.451618520112 0.878536369502 0.807374841276 0.631387680032
-0.451618520112 0.00676313247116 857.33163553 659.598576564
-0.451618520112 0.994832242621 0.0303357802704 0.0238347394358
-0.451618520112 -0.205998285392 -34.1727172913 26.3238485171
-0.451618520112 0.882527912336 0.777312124787 0.607969892998
-0.451618520112 -3.59890212678e-05 -162213.902656 124802.177801
-0.451618520112 0.999972571592 0.000160182854434 0.000125882928437
-0.451618520112 -0.21616679011 -32.8396245122 25.2997649073
-0.451618520112 0.87824920978 0.809548148574 0.633080383797
-0.451618520112 0.00725100834793 799.254452164 614.915907425
-0.451618520112 0.994458441519 0.0325422925292 0.0255679820076
-0.451618520112 -0.205261588191 -34.274429452 26.4019907592
-0.451618520112 0.882842080594 0.774957471597 0.606135454408
-0.451618520112 -0.000572536675593 -10202.0543441 7849.13895741
-0.451618520112 0.999564031888 0.0025471092075 0.0020016620791
-0.451618520112 -0.215356035644 -32.9412961525 25.3778630109
-0.451618520112 0.878586458031 0.80699590237 0.631092536299
-0.451618520112 0.0066780161725 868.333337308 668.062923787
-0.451618520112 0.994897443113 0.0299510777633 0.023532545254
-0.451618520112 -0.206126822294 -34.1550453232 26.3102717954
-0.451618520112 0.882473155697 0.777722690719 0.608289748706
-0.451618520112 5.75053498927e-05 101510.104291 78098.6117624
-0.451618520112 0.999956169786 0.000255974166763 0.000201162322573
-0.451618520112 -0.21613423178 -32.8436927482 25.3028898634
-0.451618520112 0.878262740146 0.809445714981 0.633000602968
-0.451618520112 0.00722802446225 801.814499144 616.885522968
-0.451618520112 0.994476054392 0.0324382881903 0.02548628655
-0.451618520112 -0.20529629178 -34.2696217149 26.398297106
-0.451618520112 0.882827268229 0.775068450851 0.606221915779
-0.451618520112 -0.000547234994656 -10673.4816001 8211.83996007
-0.451618520112 0.999583281149 0.00243460005239 0.00191324761914
-0.451618520112 -0.21539422608 -32.9364897519 25.3741709958
-0.451618520112 0.878570557015 0.807116194968 0.631186228563
-0.451618520112 0.00670503760192 864.810422555 665.352509109
-0.451618520112 0.994876744701 0.0300731991556 0.023628475078
-0.451618520112 -0.206086016014 -34.1606532094 26.3145801246
-0.451618520112 0.882490537263 0.777592358011 0.608188211758
-0.451618520112 2.78278216544e-05 209773.776114 161393.2073
-0.451618520112 0.999978790045 0.000123866099624 9.73426998228e-05
-0.451618520112 -0.216179134212 -32.8380824094 25.298580364
-0.451618520112 0.878244080185 0.809586983743 0.633110630712
-0.451618520112 0.00725972183765 798.288142688 614.172460853
-0.451618520112 0.994451764171 0.0325817233559 0.0255989549089
-0.451618520112 -0.205248431668 -34.2762525444 26.4033913918
-0.451618520112 0.882847696461 0.774915396593 0.606102674725
-0.451618520112 -0.000582129514938 -10034.0321208 7719.86805071
-0.451618520112 0.999556734168 0.00258976446246 0.00203518234716
-0.451618520112 -0.215341557265 -32.943118753 25.3792630339
-0.451618520112 0.878592486655 0.806950296434 0.631057015192
-0.451618520112 0.00666777128056 869.676478659 669.096292549
-0.451618520112 0.99490529059 0.0299047786901 0.0234961759722
-0.451618520112 -0.20614229365 -34.1529197211 26.3086387755
-0.451618520112 0.882466566081 0.777772103169 0.608328243921
-0.451618520112 6.87563877046e-05 84898.416153 65318.111884
-0.451618520112 0.999947594095 0.000306059939826 0.000240523121773
-0.451618520112 -0.216117208934 -32.8458202788 25.3045240957
-0.451618520112 0.878269814811 0.809392156459 0.632958888665
-0.451618520112 0.00721600665517 803.159588669 617.920390402
-0.451618520112 0.994485263686 0.0323839086119 0.0254435713169
-0.451618520112 -0.205314437672 -34.2671084814 26.3963662581
-0.451618520112 0.882819523611 0.775126477629 0.606267123068
-0.451618520112 -0.000534006239211 -10937.7475945 8415.15773589
-0.451618520112 0.999593346082 0.00237577369448 0.00186701931713
-0.451618520112 -0.215414195252 -32.9339772399 25.3722410219
-0.451618520112 0.878562243217 0.807179091319 0.631235216591
-0.451618520112 0.00671916546687 862.979784527 663.944076463
-0.451618520112 0.994865922591 0.0301370520227 0.0236786332527
-0.451618520112 -0.206064681012 -34.1635860995 26.3168333556
-0.451618520112 0.882499625673 0.777524212163 0.608135122037
-0.451618520112 1.23098943912e-05 474223.221509 364852.125918
-0.451618520112 0.999990617635 5.4792349714e-05 4.30597070094e-05
-0.451618520112 -0.21620261316 -32.8351497577 25.2963276919
-0.451618520112 0.878234323927 0.809660847725 0.63316815992
-0.451618520112 0.00727629435025 796.456669273 612.763385747
-0.451618520112 0.994439064152 0.0326567204931 0.0256578650868
-0.451618520112 -0.205223408876 -34.2797205846 26.4060557943
-0.451618520112 0.882858377955 0.774835370554 0.606040328217
-0.451618520112 -0.000600375471726 -9729.2660829 7485.39084137
-0.451618520112 0.999542854247 0.00267089447592 0.00209893761794
-0.451618520112 -0.215314020461 -32.9465858806 25.3819262946
-0.451618520112 0.878603953239 0.8068635546 0.63098945452
-0.451618520112 0.00664828504886 872.242616821 671.070594824
-0.451618520112 0.994920216667 0.0298167188262 0.0234270022961
-0.451618520112 -0.206171720968 -34.1488775964 26.3055333648
-0.451618520112 0.882454032987 0.777866085029 0.608401461292
-0.451618520112 9.01550082469e-05 64746.0820181 49813.5525758
-0.451618520112 0.999931283584 0.00040132281338 0.000315387072223
-0.451618520112 -0.216084832923 -32.8498675868 25.3076329789
-0.451618520112 0.878283271037 0.809290288923 0.632879548611
-0.451618520112 0.00719314814126 805.730425799 619.898307554
-0.451618520112 0.994502780027 0.0322804798643 0.0253623278023
-0.451618520112 -0.205348952304 -34.2623293785 26.3926946068
-0.451618520112 0.882804793819 0.775236843848 0.606353106715
-0.451618520112 -0.000508846293083 -11478.2769036 8831.02364112
-0.451618520112 0.999612489907 0.00226388734319 0.00177909406218
-0.451618520112 -0.21545217801 -32.9291995524 25.3685710663
-0.451618520112 0.878546430914 0.807298719375 0.631328391123
-0.451618520112 0.00674603535515 859.519240245 661.281647608
-0.451618520112 0.994845339628 0.0302584999465 0.0237740337938
-0.451618520112 -0.206024104056 -34.1691658282 26.3211200566
-0.451618520112 0.882516912206 0.777394599802 0.608034146115
-0.451618520112 -1.72063209982e-05 -339282.8716 261033.361377
-0.451618520112 0.9999868861 7.65845344999e-05 6.01855387861e-05
-0.451618520112 -0.21619520565 -32.8360749283 25.2970383477
-0.451618520112 0.878237401925 0.809637544226 0.633150009916
-0.451618520112 0.00727106591522 797.033576362 613.207238991
-0.451618520112 0.994443070877 0.0326330594612 0.0256392793762
-0.451618520112 -0.205231303263 -34.2786263687 26.4052151374
-0.451618520112 0.882855008002 0.774860618124 0.606059998042
-0.451618520112 -0.000594618946337 -9823.39893723 7557.81363867
-0.451618520112 0.999547233217 0.00264529856232 0.00207882331414
-0.451618520112 -0.215322707978 -32.9454919494 25.3810859954
-0.451618520112 0.878600335592 0.806890920951 0.631010769374
-0.451618520112 0.00665443288237 871.431386984 670.446461276
-0.451618520112 0.994915507569 0.0298445009614 0.0234488260098
-0.451618520112 -0.206162436741 -34.1501527495 26.3065130163
-0.451618520112 0.88245798704 0.777836434495 0.608378361797
-0.451618520112 8.34040134848e-05 69987.3148257 53845.9889362
-0.451618520112 0.999936429373 0.000371268078909 0.000291768058956
-0.451618520112 -0.216095047124 -32.8485905839 25.3066520667
-0.451618520112 0.878279025662 0.809322427311 0.632904579766
-0.451618520112 0.00720035993425 804.917571808 619.272924547
-0.451618520112 0.994497253706 0.0323131107415 0.025387959443
-0.451618520112 -0.205338063016 -34.2638370011 26.393852871
-0.451618520112 0.882809440899 0.775202024177 0.606325979561
-0.451618520112 -0.000516783918316 -11302.0640956 8695.45116116
-0.451618520112 0.999606450118 0.00229918651119 0.00180683372885
-0.451618520112 -0.215440194518 -32.9307067223 25.3697287907
-0.451618520112 0.878551419509 0.807260977671 0.631298995306
-0.451618520112 0.00673755827832 860.608013567 662.119313959
-0.451618520112 0.994851833312 0.030220184006 0.0237439356319
-0.451618520112 -0.206036905489 -34.1674052686 26.3197674829
-0.451618520112 0.882511458372 0.777435491451 0.608066003211
-0.451618520112 -7.89400268331e-06 -739517.820802 568961.290048
-0.451618520112 0.999993983448 3.51361221355e-05 2.7612455955e-05
-0.451618520112 -0.216209294704 -32.8343153119 25.2956867252
-0.451618520112 0.878231547633 0.809681867163 0.633184530974
-0.451618520112 0.00728101027942 795.937022934 612.363587032
-0.451618520112 0.994435450164 0.0326780624473 0.0256746291594
-0.451618520112 -0.205216288328 -34.2807076132 26.4068141022
-0.451618520112 0.882861417628 0.774812597597 0.606022586304
-0.451618520112 -0.00060556783562 -9645.89376654 7421.24685666
-0.451618520112 0.999538904503 0.00269398167334 0.00211708046465
-0.451618520112 -0.215306184537 -32.9475726549 25.3826842817
-0.451618520112 0.878607216333 0.806838870529 0.630970228812
-0.451618520112 0.00664273972147 872.975631756 671.634552401
-0.451618520112 0.994924464241 0.0297916597587 0.0234073176277
-0.451618520112 -0.206180095327 -34.1477275087 26.3046497964
-0.451618520112 0.882450466514 0.777892829411 0.608422296721
-0.451618520112 9.62442348126e-05 60649.3265784 46661.6403826
-0.451618520112 0.999926642191 0.000428431819197 0.000336691126655
-0.451618520112 -0.216075619988 -32.8510195126 25.3085178149
-0.451618520112 0.878287100342 0.809261300542 0.632856970849
-0.451618520112 0.00718664311214 806.465018591 620.463478981
-0.451618520112 0.994507764737 0.032251047312 0.0253392084441
-0.451618520112 -0.205358774449 -34.2609696391 26.3916499574
-0.451618520112 0.882800602257 0.775268250723 0.606377575036
-0.451618520112 -0.000501686771881 -11641.9989641 8956.98614074
-0.451618520112 0.999617937766 0.0022320480415 0.00175407330104
-0.451618520112 -0.215462987143 -32.927840226 25.3675269073
-0.451618520112 0.878541931317 0.80733276188 0.631354905744
-0.451618520112 0.00675368143732 858.539542123 660.527900127
-0.451618520112 0.994839482474 0.0302930604723 0.0238011819661
-0.451618520112 -0.206012557553 -34.1707539869 26.3223401813
-0.451618520112 0.882521831546 0.777357716107 0.60800541145
-0.451618520112 -2.56060534789e-05 -227987.456721 175406.240002
-0.451618520112 0.999980484461 0.000113970524099 8.95660665547e-05
-0.451618520112 -0.216182497772 -32.8376622428 25.2982576193
-0.451618520112 0.878242682483 0.809597565552 0.633118872391
-0.451618520112 0.0072620960626 798.025247646 613.970198097
-0.451618520112 0.99444994474 0.032592467483 0.025607394414
-0.451618520112 -0.205244846825 -34.2767493347 26.4037730625
-0.451618520112 0.882849226685 0.774903931999 0.606093742917
-0.451618520112 -0.000584743403701 -9989.20460847 7685.37920129
-0.451618520112 0.999554745701 0.00260138718537 0.00204431596113
-0.451618520112 -0.215337612251 -32.9436154108 25.3796445396
-0.451618520112 0.878594129349 0.806937869731 0.6310473364
-0.451618520112 0.0066649797155 870.043178505 669.378419345
-0.451618520112 0.994907428888 0.02989216314 0.0234862660829
-0.451618520112 -0.206146509348 -34.1523405836 26.3081938461
-0.451618520112 0.882464770559 0.777785567077 0.608338733097
-0.451618520112 7.18220265651e-05 81274.3779044 62529.8931305
-0.451618520112 0.999945257412 0.000319707337626 0.000251248168028
-0.451618520112 -0.216112570625 -32.8464000369 25.3049694287
-0.451618520112 0.878271742535 0.809377562835 0.63294752235
-0.451618520112 0.00721273199224 803.526881442 618.202973327
-0.451618520112 0.994487773058 0.0323690912936 0.0254319322874
-0.451618520112 -0.205319382152 -34.2664237404 26.3958401906
-0.451618520112 0.882817413381 0.775142288771 0.60627944115
-0.451618520112 -0.000530401728575 -11012.0388224 8472.31502266
-0.451618520112 0.999596088604 0.00235974472462 0.00185442305087
-0.451618520112 -0.215419636557 -32.9332926982 25.3717151947
-0.451618520112 0.8785599779 0.807196229321 0.631248564847
-0.451618520112 0.00672301495732 862.482315171 663.561339915
-0.451618520112 0.994862973817 0.0301544506925 0.023692300376
-0.451618520112 -0.206058867772 -34.1643853421 26.3174473842
-0.451618520112 0.882502102114 0.77750564379 0.60812065615
-0.451618520112 8.0814859984e-06 722350.12818 555753.006941
-0.451618520112 0.999993840456 3.59711843811e-05 2.82687069007e-05
-0.451618520112 -0.216209010849 -32.8343507611 25.295713955
-0.451618520112 0.878231665579 0.809680974187 0.633183835476
-0.451618520112 0.00728080993179 795.959085467 612.380561216
-0.451618520112 0.994435603697 0.0326771557687 0.0256739169648
-0.451618520112 -0.205216590832 -34.2806656798 26.4067818858
-0.451618520112 0.882861288492 0.774813565069 0.606023340041
-0.451618520112 -0.000605347245425 -9649.40663042 7423.9495414
-0.451618520112 0.999539072301 0.00269300085081 0.00211630969505
-0.451618520112 -0.215306517431 -32.9475307322 25.3826520789
-0.451618520112 0.878607077705 0.806839919191 0.630971045585
-0.451618520112 0.00664297530691 872.944465755 671.610574305
-0.451618520112 0.994924283789 0.0297927243515 0.0234081538982
-0.451618520112 -0.206179739554 -34.1477763666 26.3046873321
-0.451618520112 0.882450618029 0.777891693219 0.608421411562
-0.451618520112 9.59855454776e-05 60812.797477 46787.4096471
-0.451618520112 0.999926839372 0.000427280136459 0.000335786058161
-0.451618520112 -0.216076011382 -32.8509705732 25.3084802228
-0.451618520112 0.87828693766 0.809262532066 0.632857930028
-0.451618520112 0.00718691946943 806.433783371 620.439447635
-0.451618520112 0.994507552969 0.0322522977049 0.0253401906317
-0.451618520112 -0.205358357168 -34.2610274032 26.3916943359
-0.451618520112 0.882800780328 0.775266916453 0.60637653554
-0.451618520112 -0.000501990930361 -11634.9485618 8951.5617875
-0.451618520112 0.999617706322 0.00223340068098 0.00175513626647
-0.451618520112 -0.215462527931 -32.9278979725 25.3675712649
-0.451618520112 0.878542122474 0.80733131564 0.631353779314
-0.451618520112 0.00675335660842 858.581117568 660.559886906
-0.451618520112 0.994839731304 0.0302915922234 0.0238000286195
-0.451618520112 -0.206013048084 -34.1706865136 26.322288344
-0.451618520112 0.882521622555 0.77735928305 0.608006632195
-0.451618520112 -2.52492016917e-05 -231209.564501 177885.226349
-0.451618520112 0.999980756422 0.000112382239672 8.83178817955e-05
-0.451618520112 -0.216183037641 -32.8375948052 25.2982058181
-0.451618520112 0.878242458146 0.80959926398 0.633120195218
-0.451618520112 0.00726247713546 797.98306792 613.93774641
-0.451618520112 0.994449652714 0.032594191965 0.0256087489935
-0.451618520112 -0.205244271443 -34.2768290732 26.4038343234
-0.451618520112 0.882849472293 0.774902091879 0.606092309321
-0.451618520112 -0.000585162946034 -9982.04686504 7679.8722632
-0.451618520112 0.999554426543 0.00260325268613 0.00204578194825
-0.451618520112 -0.21533697906 -32.9436951281 25.3797057741
-0.451618520112 0.878594393009 0.806935875188 0.63104578291
-0.451618520112 0.00666453165511 870.102064306 669.423724143
-0.451618520112 0.994907772095 0.0298901382875 0.0234846755009
-0.451618520112 -0.20614718599 -34.1522476312 26.3081224344
-0.451618520112 0.882464482371 0.777787728096 0.608340416657
-0.451618520112 7.23140738237e-05 80721.3222714 62104.3898709
-0.451618520112 0.999944882365 0.00032189780823 0.000252969587464
-0.451618520112 -0.216111826158 -32.8464930927 25.3050409082
-0.451618520112 0.878272051945 0.809375220492 0.632945698005
-0.451618520112 0.00721220639189 803.585864897 618.248353248
-0.451618520112 0.994488175825 0.0323667130477 0.0254300641708
-0.451618520112 -0.205320175767 -34.266313839 26.3957557564
-0.451618520112 0.88281707468 0.775144826532 0.606281418259
-0.451618520112 -0.000529823190608 -11024.0569955 8481.56141945
-0.451618520112 0.999596528792 0.00235717200334 0.00185240129359
-0.451618520112 -0.215420509915 -32.9331828289 25.3716307991
-0.451618520112 0.878559614308 0.807198980048 0.631250707303
-0.451618520112 0.00672363281529 862.402522486 663.49995005
-0.451618520112 0.994862500527 0.0301572432599 0.0236944940126
-0.451618520112 -0.206057934725 -34.1645136277 26.3175459413
-0.451618520112 0.882502499596 0.777502663481 0.608118334309
-0.451618520112 7.40280384703e-06 788575.04906 606704.336288
-0.451618520112 0.999994357735 3.29503035639e-05 2.5894685161e-05
-0.451618520112 -0.216210037712 -32.8342225222 25.2956154502
-0.451618520112 0.878231238903 0.809684204576 0.633186351474
-0.451618520112 0.00728153469936 795.879278899 612.319160681
-0.451618520112 0.994435048281 0.0326804357258 0.0256764933657
-0.451618520112 -0.205215496511 -34.2808173768 26.4068984306
-0.451618520112 0.882861755648 0.77481006519 0.606020613361
-0.451618520112 -0.000606145242366 -9636.71076114 7414.181747
-0.451618520112 0.999538465284 0.00269654902748 0.00211909799424
-0.451618520112 -0.215305313169 -32.9476823903 25.3827685745
-0.451618520112 0.878607579198 0.806836125601 0.630968090867
-0.451618520112 0.0066421230638 873.057220919 671.697324419
-0.451618520112 0.994924936583 0.0297888731321 0.0234051286462
-0.451618520112 -0.206181026583 -34.147599621 26.3045515452
-0.451618520112 0.882450069915 0.777895803451 0.608424613671
-0.451618520112 9.69213669384e-05 60225.564928 46335.6117649
-0.451618520112 0.999926126059 0.000431446408914 0.000339060190635
-0.451618520112 -0.216074595495 -32.8511476146 25.3086162147
-0.451618520112 0.878287526172 0.809258076964 0.632854460147
-0.451618520112 0.00718591973187 806.546789856 620.526391091
-0.451618520112 0.994508319051 0.0322477743441 0.0253366375174
-0.451618520112 -0.205359866704 -34.2608184396 26.3915337951
-0.451618520112 0.882800136148 0.775271743244 0.606380295973
-0.451618520112 -0.000500890622152 -11660.4942772 8971.21584116
-0.451618520112 0.999618543584 0.00222850743798 0.00175129093418
-0.451618520112 -0.215464189155 -32.9276890727 25.3674107997
-0.451618520112 0.878541430954 0.80733654749 0.631357854234
-0.451618520112 0.00675453169281 858.4307353 660.44418774
-0.451618520112 0.994838831148 0.0302969036905 0.023804200911
-0.451618520112 -0.206011273567 -34.1709306033 26.3224758693
-0.451618520112 0.882522378592 0.777353614551 0.608002216086
-0.451618520112 -2.65401327568e-05 -219963.649505 169232.980168
-0.451618520112 0.999979772587 0.00011812794173 9.28332553646e-05
-0.451618520112 -0.216181084641 -32.8378387656 25.2983932127
-0.451618520112 0.878243269697 0.809593119827 0.633115409822
-0.451618520112 0.00726109858322 798.135676383 614.055158318
-0.451618520112 0.994450709135 0.0325879535627 0.0256038487326
-0.451618520112 -0.205246352919 -34.2765406169 26.4036127102
-0.451618520112 0.882848583793 0.774908748607 0.606097495428
-0.451618520112 -0.000583645231537 -10007.9890655 7699.8313597
-0.451618520112 0.999555581113 0.0025965041413 0.00204047866434
-0.451618520112 -0.215339269663 -32.9434067486 25.3794842566
-0.451618520112 0.878593439205 0.806943090549 0.631051402742
-0.451618520112 0.00666615253489 869.889079598 669.259860716
-0.451618520112 0.994906530526 0.0298974632975 0.0234904295142
-0.451618520112 -0.206144738208 -34.1525838936 26.308380772
-0.451618520112 0.882465524909 0.777779910498 0.60833432629
-0.451618520112 7.05340650362e-05 82758.5655386 63671.7794771
-0.451618520112 0.99994623912 0.000313973668521 0.000246742264142
-0.451618520112 -0.216114519309 -32.8461564612 25.3047823294
-0.451618520112 0.878270932642 0.80938369404 0.632952297669
-0.451618520112 0.00721410777579 803.372530178 618.084220564
-0.451618520112 0.994486718797 0.0323753164774 0.0254368221804
-0.451618520112 -0.205317304828 -34.2667114166 26.3960612042
-0.451618520112 0.882818299949 0.775135646052 0.606274265967
-0.451618520112 -0.000531916084898 -10980.7043412 8448.20727835
-0.451618520112 0.999594936389 0.00236647895798 0.00185971510663
-0.451618520112 -0.215417350502 -32.9335802905 25.3719361073
-0.451618520112 0.878560929624 0.807189029149 0.631242956858
-0.451618520112 0.00672139767837 862.691246596 663.722084876
-0.451618520112 0.994864212681 0.0301471410044 0.0236865584198
-0.451618520112 -0.206061310076 -34.1640495525 26.3171894094
-0.451618520112 0.882501061688 0.777513444902 0.608126733689
-0.451618520112 9.85796739272e-06 592176.038805 455601.239116
-0.451618520112 0.999992486453 4.38784993404e-05 3.44828335892e-05
-0.451618520112 -0.216206322986 -32.8346864379 25.2959718
-0.451618520112 0.878232782426 0.809672518476 0.63317724972
-0.451618520112 0.00727891281003 796.168059102 612.541338622
-0.451618520112 0.994437057532 0.0326685703137 0.0256671731035
-0.451618520112 -0.205219455281 -34.2802686114 26.4064768288
-0.451618520112 0.882860065688 0.774822726186 0.606030477266
-0.451618520112 -0.00060325845304 -9682.79765737 7449.63952598
-0.451618520112 0.999540661203 0.00268371331781 0.00210901117935
-0.451618520112 -0.215309669661 -32.9471337659 25.3823471507
-0.451618520112 0.878605765024 0.806849849112 0.630978779713
-0.451618520112 0.00664520609051 872.649461113 671.383607438
-0.451618520112 0.99492257507 0.0298028051224 0.0234160726546
-0.451618520112 -0.206176370702 -34.1482390164 26.3050427682
-0.451618520112 0.882452052749 0.777880934475 0.608413029875
-0.451618520112 9.35359759285e-05 62405.5479492 48012.8207579
-0.451618520112 0.99992870651 0.000416374707025 0.000327215849423
-0.451618520112 -0.216079717553 -32.8505071674 25.308124264
-0.451618520112 0.878285397202 0.809274193526 0.632867012622
-0.451618520112 0.00718953632476 806.138132915 620.21198394
-0.451618520112 0.994505547713 0.0322641378421 0.025349491096
-0.451618520112 -0.205354405895 -34.2615743886 26.3921145693
-0.451618520112 0.882802466508 0.775254282078 0.606366692411
-0.451618520112 -0.000504871055674 -11568.6082471 8900.52167815
-0.451618520112 0.999615514749 0.00224620900539 0.00176520162742
-0.451618520112 -0.215458179609 -32.9284447912 25.3679913006
-0.451618520112 0.87854393257 0.807317621003 0.631343112998
-0.451618520112 0.00675028075077 858.975000546 660.862927501
-0.451618520112 0.994842087517 0.0302776891902 0.0237891074346
-0.451618520112 -0.206017692995 -34.1700476128 26.3217974997
-0.451618520112 0.882519643595 0.777374120641 0.608018191591
-0.451618520112 -2.18701384109e-05 -266931.882233 205368.831487
-0.451618520112 0.99998333167 9.73425757552e-05 7.64986627287e-05
-0.451618520112 -0.216188149747 -32.8369562434 25.2977153165
-0.451618520112 0.878240333874 0.809615346621 0.633132721238
-0.451618520112 0.00726608554925 797.583883529 613.630627135
-0.451618520112 0.994446887484 0.0326105213172 0.0256215756868
-0.451618520112 -0.205238823103 -34.2775841459 26.4044144255
-0.451618520112 0.882851797997 0.774884667549 0.606078734415
-0.451618520112 -0.000589135664313 -9914.77427884 7628.1148942
-0.451618520112 0.999551404408 0.00262091736552 0.0020596635769
-0.451618520112 -0.215330983327 -32.9444500005 25.3802856264
-0.451618520112 0.878596889651 0.806916988608 0.631031072708
-0.451618520112 0.00666028889291 870.660056968 669.853025338
-0.451618520112 0.99491102198 0.0298709647083 0.0234696140811
-0.451618520112 -0.206153593229 -34.1513674788 26.3074462467
-0.451618520112 0.882461753483 0.777808191065 0.608356358511
-0.451618520112 7.6973309193e-05 75834.8644879 58344.9060312
-0.451618520112 0.999941331003 0.000342639673242 0.000269269940218
-0.451618520112 -0.216104776747 -32.8473742764 25.3057177771
-0.451618520112 0.878274981792 0.809353040544 0.632928423041
-0.451618520112 0.00720722938607 804.144816439 618.678392096
-0.451618520112 0.994491989689 0.0323441931438 0.0254123747414
-0.451618520112 -0.20532769066 -34.2652732032 26.3949562649
-0.451618520112 0.882813867492 0.775168856918 0.606300139755
-0.451618520112 -0.00052434497263 -11139.1724743 8570.12757478
-0.451618520112 0.999600697009 0.00233281059118 0.001833257023
-0.451618520112 -0.215428779917 -32.9321424986 25.3708316747
-0.451618520112 0.878556171417 0.807225027046 0.631270994495
-0.451618520112 0.00672948335421 861.647686387 662.919204002
-0.451618520112 0.994858018897 0.0301836864656 0.0237152658549
-0.451618520112 -0.20604909965 -34.1657284294 26.3184792288
-0.451618520112 0.882506263416 0.777474442558 0.608096348497
-0.451618520112 9.762287001e-07 5979852.77886 4600706.86326
-0.451618520112 0.99999925594 4.3452181004e-06 3.41478123567e-06
-0.451618520112 -0.216219761299 -32.8330082618 25.2946827349
-0.451618520112 0.878227198678 0.809714793552 0.633210175786
-0.451618520112 0.00728839756467 795.124372688 611.738360799
-0.451618520112 0.994429788992 0.032711494096 0.0257008896582
-0.451618520112 -0.205205134339 -34.282253883 26.4080020603
-0.451618520112 0.882866179234 0.774776924382 0.605994794077
-0.451618520112 -0.000613701642148 -9518.12748955 7322.94758332
-0.451618520112 0.999532717387 0.00273014721082 0.00214550078374
-0.451618520112 -0.21529390996 -32.9491185311 25.3838717411
-0.451618520112 0.878612327929 0.806800203604 0.630940112255
-0.451618520112 0.00663405299009 874.126359856 672.519884748
-0.451618520112 0.994931118012 0.0297524054768 0.0233764821673
-0.451618520112 -0.206193213751 -34.1459260854 26.303265832
-0.451618520112 0.882444879786 0.777934723776 0.608454934858
-0.451618520112 0.000105782695008 55180.0308385 42453.7397197
-0.451618520112 0.999919371644 0.000470897436037 0.000370063407304
-0.451618520112 -0.216061188432 -32.8528241384 25.3099040138
-0.451618520112 0.878293098912 0.809215891031 0.632821603389
-0.451618520112 0.00717645298653 807.618434975 621.350879446
-0.451618520112 0.994515573234 0.032204942111 0.0253029926506
-0.451618520112 -0.205374160871 -34.2588398643 26.3900137118
-0.451618520112 0.882794036366 0.775317448765 0.606415904003
-0.451618520112 -0.000490471780777 -11908.0682507 9161.691312
-0.451618520112 0.999626471788 0.0021821727559 0.00171487902574
-0.451618520112 -0.215479919713 -32.9257111074 25.365891437
-0.451618520112 0.878534882912 0.807386088561 0.631396440178
-0.451618520112 0.00676565858069 857.009353045 659.350623032
-0.451618520112 0.994830307516 0.0303471987427 0.0238437089278
-0.451618520112 -0.20599447068 -34.1732420962 26.3242517058
-0.451618520112 0.882529537667 0.777299938814 0.607960399372
-0.451618520112 -3.87642920263e-05 -150600.861793 115867.476758
-0.451618520112 0.999970456601 0.000172534839949 0.000135589973193
-0.451618520112 -0.216162591716 -32.840149042 25.3001678172
-0.451618520112 0.878250954459 0.809534940051 0.633070096288
-0.451618520112 0.00724804470163 799.583644416 615.169177064
-0.451618520112 0.99446071262 0.0325288814315 0.0255574475908
-0.451618520112 -0.205266063016 -34.2738094311 26.4015144139
-0.451618520112 0.882840170555 0.774971782049 0.606146603355
-0.451618520112 -0.000569274024069 -10260.4914229 7894.09857059
-0.451618520112 0.999566513991 0.00253260142975 0.00199026126099
-0.451618520112 -0.215360960068 -32.9406763007 25.3773868744
-0.451618520112 0.878584407609 0.807011413753 0.631104617652
-0.451618520112 0.00668150059199 867.877456346 667.712183976
-0.451618520112 0.994894774071 0.0299668249208 0.0235449151031
-0.451618520112 -0.206121560297 -34.1557683391 26.3108272614
-0.451618520112 0.882475396963 0.777705884679 0.608276655806
-0.451618520112 5.36786162172e-05 108747.147463 83666.5605836
-0.451618520112 0.999959086556 0.000238939148674 0.000187775042792
-0.451618520112 -0.21614002165 -32.8429692014 25.3023340814
-0.451618520112 0.878260333953 0.80946393118 0.633014790735
-0.451618520112 0.00723211186305 801.358036776 616.534335906
-0.451618520112 0.994472922182 0.0324567836802 0.025500814775
-0.451618520112 -0.205290120157 -34.2704765952 26.398953887
-0.451618520112 0.88282990234 0.775048714929 0.606206539985
-0.451618520112 -0.000551734406886 -10586.4865902 8144.90879113
-0.451618520112 0.999579857926 0.00245460797934 0.00192897070634
-0.451618520112 -0.21538743435 -32.9373443903 25.3748274823
-0.451618520112 0.878573384719 0.807094802817 0.631169566871
-0.451618520112 0.0067002323742 865.434826144 665.832904681
-0.451618520112 0.994880425535 0.0300514817252 0.0236114154316
-0.451618520112 -0.206093272582 -34.1596557984 26.3138138508
-0.451618520112 0.882487446176 0.777615535622 0.608206268506
-0.451618520112 3.31056319153e-05 176330.010829 135662.647309
-0.451618520112 0.999974767327 0.000147359363194 0.000115805339997
-0.451618520112 -0.216171148798 -32.8390799773 25.2993466309
-0.451618520112 0.878247398508 0.80956186131 0.633091064013
-0.451618520112 0.0072540851074 798.912980245 614.653190217
-0.451618520112 0.994456083732 0.0325562155831 0.0255789185638
-0.451618520112 -0.205256942579 -34.2750731652 26.4024853066
-0.451618520112 0.882844063554 0.774942614869 0.60612387987
-0.451618520112 -0.000575923895662 -10142.0866305 7803.00172294
