0.050 0 0
0.150 0 0
0.250 0 0
0.350 0 0
0.450 0 0
0.550 0 0
0.650 0 0
0.750 0 0
0.850 0 0
0.950 0 0
1.050 0 0
1.150 0 0
1.250 0 0
1.350 0 0
1.450 0 0
1.550 0 0
1.650 0 0
1.750 0 0
1.850 0 0
1.950 0 0
2.050 0 0
2.150 0 0
2.250 0 0
2.350 3.35403e-05 4.74332e-05
2.450 0.00973565 0.00242361
2.550 0.0742596 0.023333
2.650 0.173494 0.0608433
2.750 0.194633 0.0688636
2.850 0.146363 0.0539239
2.950 0.0950956 0.0344563
3.050 0.0583715 0.0222301
3.150 0.0479318 0.0159734
3.250 0.0375243 0.0117664
3.350 0.0302882 0.00609682
3.450 0.0293452 0.00376488
3.550 0.0284676 0.00119629
3.650 0.0298565 0.00287612
3.750 0.0318831 0.00503464
3.850 0.0337315 0.00564009
3.950 0.0335645 0.00796174
4.050 0.0310672 0.00634082
4.150 0.0293235 0.00524746
4.250 0.0297315 0.00527812
4.350 0.0301712 0.00422238
4.450 0.0298984 0.00402005
4.550 0.0274411 0.00427371
4.650 0.0273442 0.00439762
4.750 0.0265334 0.00496499
4.850 0.025008 0.00444064
4.950 0.0234425 0.00482616
5.050 0.0240483 0.00522288
5.150 0.0221598 0.00547454
5.250 0.0248512 0.00659506
5.350 0.0222888 0.00573016
5.450 0.0222303 0.0064365
5.550 0.0221808 0.0062434
5.650 0.0202829 0.00618548
5.750 0.020594 0.00613595
5.850 0.0218019 0.00726247
5.950 0.0196722 0.00499738
6.050 0.0191477 0.00511235
6.150 0.0196886 0.00557157
6.250 0.0192646 0.00560232
6.350 0.0198769 0.00478438
6.450 0.0190063 0.0053073
6.550 0.0166692 0.0037259
6.650 0.0179908 0.00478356
6.750 0.0166147 0.00407039
6.850 0.0160392 0.00359834
6.950 0.0166644 0.00411101
7.050 0.0177667 0.00538402
7.150 0.0172028 0.00445341
7.250 0.0157796 0.00343868
7.350 0.0177205 0.00434727
7.450 0.0174415 0.0049259
7.550 0.0187077 0.00463521
7.650 0.0170864 0.00291542
7.750 0.0163757 0.00245284
7.850 0.0177462 0.00297912
7.950 0.0179361 0.00308059
8.050 0.0171046 0.00204305
8.150 0.0152894 0.00350576
8.250 0.0169389 0.0030713
8.350 0.0160601 0.00284403
8.450 0.0158047 0.00271495
8.550 0.0173341 0.00302292
8.650 0.017004 0.00324776
8.750 0.0161884 0.00291177
8.850 0.0171823 0.00380106
8.950 0.017109 0.00397675
9.050 0.0171982 0.00391727
9.150 0.0165815 0.00371671
9.250 0.0175141 0.00467285
9.350 0.0164123 0.00353859
9.450 0.0169493 0.00392601
9.550 0.0159128 0.00355655
9.650 0.0174143 0.00562299
9.750 0.01639 0.00393594
9.850 0.0151984 0.00316305
9.950 0.0153314 0.00298344
10.050 0.0138272 0.00136315
10.150 0.0141159 0.00231124
10.250 0.0133161 0.00140686
10.350 0.0126513 0.00103684
10.450 0.0120461 0.000640665
10.550 0.0116601 0.000715614
10.650 0.0104828 0.000221087
10.750 0.0107505 0.00067766
10.850 0.00975343 0.000339319
10.950 0.00916708 0.000786789
11.050 0.00952495 0.000239925
11.150 0.00959942 0.000271446
11.250 0.00964937 0.000546843
11.350 0.00882622 0.000793304
11.450 0.00935361 0.000493511
11.550 0.00884666 0.00113083
11.650 0.00919512 0.000681984
11.750 0.00941513 0.000713753
11.850 0.0090828 0.000723475
11.950 0.00875685 0.00101189
12.050 0.00870625 0.00080283
12.150 0.00938201 0.000532197
12.250 0.00812664 0.000836226
12.350 0.00874517 0.000348401
12.450 0.00902199 0.000513337
12.550 0.0089437 0.00040274
12.650 0.00879081 0.000851145
12.750 0.00886125 0.000493486
12.850 0.0090162 0.00075727
12.950 0.00904928 0.00090607
13.050 0.00950771 0.00127936
13.150 0.00897934 0.000824297
13.250 0.00962491 0.00130341
13.350 0.00997715 0.00145124
13.450 0.00947983 0.00113704
13.550 0.010217 0.00174451
13.650 0.00975009 0.00131566
13.750 0.00982273 0.00169028
13.850 0.0101029 0.00152243
13.950 0.0098728 0.00151509
14.050 0.00940645 0.00124417
14.150 0.0102427 0.00173669
14.250 0.0100239 0.00147615
14.350 0.00959461 0.00132844
14.450 0.00970013 0.00115316
14.550 0.00952808 0.00127017
14.650 0.00982589 0.0015015
14.750 0.00968578 0.00122608
14.850 0.00954316 0.00127958
14.950 0.00943368 0.00108874
15.050 0.00894194 0.00167883
15.150 0.00990834 0.000974941
15.250 0.0097604 0.000843458
15.350 0.0100592 0.0010835
15.450 0.009942 0.000863507
15.550 0.010035 0.000761934
15.650 0.00974748 0.000954183
15.750 0.0100084 0.00070584
15.850 0.0106185 0.000535787
15.950 0.010462 0.000594608
16.050 0.0103469 0.000638321
16.150 0.0109167 0.000465426
16.250 0.0105872 0.000908505
16.350 0.0109725 0.000700143
16.450 0.0112493 0.00063001
16.550 0.0112833 0.000794666
16.650 0.0112973 0.000818879
16.750 0.0114411 0.000828271
16.850 0.0113228 0.000627404
16.950 0.0118334 0.000490774
17.050 0.0115258 0.00074496
17.150 0.012059 0.000337306
17.250 0.01195 0.000254236
17.350 0.0117654 0.000467601
17.450 0.0118257 0.000486926
17.550 0.0121035 0.000311263
17.650 0.0120527 0.000337558
17.750 0.012228 0.000335228
17.850 0.0117513 0.000467992
17.950 0.0123926 0.000649552
18.050 0.012161 8.36746e-05
18.150 0.0122458 0.000391421
18.250 0.0125767 0.000643402
18.350 0.0121928 0.00048074
18.450 0.0124937 0.000541865
18.550 0.0119898 0.000203151
18.650 0.0127604 0.000661813
18.750 0.0124946 5.64607e-05
18.850 0.0127169 0.000196925
18.950 0.0126405 0.000108416
19.050 0.0127406 7.64871e-05
19.150 0.0128328 0.000208931
19.250 0.0130975 0.000253009
19.350 0.0133173 0.000561019
19.450 0.0134641 0.000472423
19.550 0.0136461 0.00059255
19.650 0.0136281 0.00044092
19.750 0.0138567 0.000465073
19.850 0.0137399 0.000399303
19.950 0.0138849 0.000506149
