0.050 0
0.150 0
0.250 0
0.350 0
0.450 0
0.550 0
0.650 0
0.750 0
0.850 0
0.950 0
1.050 0
1.150 0
1.250 0
1.350 0
1.450 0
1.550 0
1.650 0
1.750 0
1.850 0
1.950 0
2.050 0
2.150 0
2.250 0
2.350 0
2.450 0.00632985
2.550 0.0476678
2.650 0.10299
2.750 0.106655
2.850 0.0737792
2.950 0.0511681
3.050 0.030025
3.150 0.0257978
3.250 0.0210792
3.350 0.0217404
3.450 0.0244749
3.550 0.026977
3.650 0.0259195
3.750 0.0249822
3.850 0.0267146
3.950 0.0230292
4.050 0.0221094
4.150 0.0222953
4.250 0.0223288
4.350 0.0242029
4.450 0.0245413
4.550 0.0229593
4.650 0.0220132
4.750 0.0197961
4.850 0.0201219
4.950 0.0183104
5.050 0.0172527
5.150 0.0154329
5.250 0.0156488
5.350 0.0143007
5.450 0.0131971
5.550 0.0133535
5.650 0.0116738
5.750 0.0120577
5.850 0.011649
5.950 0.0126353
6.050 0.012039
6.150 0.0118093
6.250 0.0113491
6.350 0.0131272
6.450 0.0118901
6.550 0.011825
6.650 0.0113364
6.750 0.0109152
6.850 0.0109825
6.950 0.0109585
7.050 0.0109986
7.150 0.0110451
7.250 0.0112245
7.350 0.0119577
7.450 0.0107621
7.550 0.0130284
7.650 0.0129635
7.750 0.0135301
7.850 0.0135771
7.950 0.0135857
8.050 0.0142792
8.150 0.0130375
8.250 0.0130075
8.350 0.0127647
8.450 0.0125484
8.550 0.0130591
8.650 0.0124115
8.750 0.0123123
8.850 0.0118313
8.950 0.0116101
9.050 0.0117048
9.150 0.0114902
9.250 0.0112353
9.350 0.0115302
9.450 0.0121458
9.550 0.0112569
9.650 0.0111536
9.750 0.0122515
9.850 0.0116054
9.950 0.0123094
10.050 0.0121712
10.150 0.0123079
10.250 0.0127669
10.350 0.0122475
10.450 0.0125881
10.550 0.0117517
10.650 0.010574
10.750 0.0106666
10.850 0.0101254
10.950 0.00975782
11.050 0.00947291
11.150 0.00956639
11.250 0.00888096
11.350 0.00851814
11.450 0.00893954
11.550 0.00848058
11.650 0.00858611
11.750 0.00860475
11.850 0.00830821
11.950 0.0083752
12.050 0.00835151
12.150 0.00864819
12.250 0.00842761
12.350 0.00837464
12.450 0.00830947
12.550 0.0083766
12.650 0.00766132
12.750 0.00816919
12.850 0.00806268
12.950 0.00796641
13.050 0.00800929
13.150 0.00781464
13.250 0.0078756
13.350 0.00805736
13.450 0.00790475
13.550 0.00790839
13.650 0.00788947
13.750 0.00744368
13.850 0.00799696
13.950 0.00774569
14.050 0.00787223
14.150 0.00782459
14.250 0.00794174
14.350 0.00781842
14.450 0.00816723
14.550 0.00781912
14.650 0.00773756
14.750 0.00796094
14.850 0.0079175
14.950 0.00840252
15.050 0.00823534
15.150 0.00859171
15.250 0.0086744
15.350 0.00854757
15.450 0.00904605
15.550 0.0091838
15.650 0.00910491
15.750 0.00939009
15.850 0.00989558
15.950 0.00999199
16.050 0.0104709
16.150 0.0107736
16.250 0.0108484
16.350 0.0109356
16.450 0.0114312
16.550 0.0113519
16.650 0.0114181
16.750 0.0113153
16.850 0.0112049
16.950 0.0114537
17.050 0.0114458
17.150 0.0116005
17.250 0.0117847
17.350 0.0115805
17.450 0.0116036
17.550 0.0116709
17.650 0.0116546
17.750 0.0117543
17.850 0.012056
17.950 0.0120173
18.050 0.0120522
18.150 0.0117701
18.250 0.0122599
18.350 0.0118613
18.450 0.012207
18.550 0.0120893
18.650 0.012447
18.750 0.0124946
18.850 0.0125575
18.950 0.0125442
19.050 0.0127215
19.150 0.0126835
19.250 0.0127446
19.350 0.0125616
19.450 0.0128046
19.550 0.0128849
19.650 0.0130235
19.750 0.0132098
19.850 0.0131988
19.950 0.0131892
