0.050 0
0.150 0
0.250 0
0.350 0
0.450 0
0.550 0
0.650 0
0.750 0
0.850 0
0.950 0
1.050 0
1.150 0
1.250 0
1.350 0
1.450 0
1.550 0
1.650 0
1.750 0
1.850 0
1.950 0
2.050 0
2.150 0
2.250 0
2.350 0
2.450 0.0117721
2.550 0.0706351
2.650 0.166029
2.750 0.202452
2.850 0.162396
2.950 0.0987938
3.050 0.0607708
3.150 0.0629086
3.250 0.0479469
3.350 0.033583
3.450 0.0336436
3.550 0.0299059
3.650 0.03271
3.750 0.0368517
3.850 0.0405245
3.950 0.042273
4.050 0.0359029
4.150 0.0307742
4.250 0.0326035
4.350 0.0329891
4.450 0.0309284
4.550 0.0261703
4.650 0.0272358
4.750 0.0281892
4.850 0.0240345
4.950 0.0221119
5.050 0.0249396
5.150 0.0222041
5.250 0.0307675
5.350 0.0251016
5.450 0.0257751
5.550 0.0267666
5.650 0.0232448
5.750 0.023512
5.850 0.0282217
5.950 0.0226234
6.050 0.0215599
6.150 0.0236672
6.250 0.0235189
6.350 0.0236603
6.450 0.024631
6.550 0.0172958
6.650 0.0223728
6.750 0.0201638
6.850 0.0180732
6.950 0.020483
7.050 0.0241717
7.150 0.0214267
7.250 0.0165822
7.350 0.0224568
7.450 0.0224946
7.550 0.0243823
7.650 0.01912
7.750 0.0160804
7.850 0.019305
7.950 0.0203132
8.050 0.0179941
8.150 0.0125902
8.250 0.0173053
8.350 0.0157107
8.450 0.015671
8.550 0.0194957
8.650 0.0193625
8.750 0.0169225
8.850 0.0203018
8.950 0.02088
9.050 0.0205649
9.150 0.0202585
9.250 0.0224384
9.350 0.0198053
9.450 0.0217625
9.550 0.0198886
9.650 0.0247908
9.750 0.0216829
9.850 0.0193025
9.950 0.0193923
10.050 0.0155099
10.150 0.0173781
10.250 0.0152468
10.350 0.014074
10.450 0.0124038
10.550 0.0124872
10.650 0.0106962
10.750 0.0116192
10.850 0.00930489
10.950 0.00805512
11.050 0.0092606
11.150 0.00928471
11.250 0.00995794
11.350 0.00804601
11.450 0.00907408
11.550 0.0076815
11.650 0.00885195
11.750 0.00929914
11.850 0.00889119
11.950 0.00775325
12.050 0.00794959
12.150 0.00989376
12.250 0.00698571
12.350 0.00864917
12.450 0.0094987
12.550 0.00927307
12.650 0.00971592
12.750 0.00912929
12.850 0.0099152
12.950 0.010184
13.050 0.0111351
13.150 0.00960409
13.250 0.0110028
13.350 0.0115655
13.450 0.0105478
13.550 0.0121248
13.650 0.0106834
13.750 0.0112139
13.850 0.0115438
13.950 0.0107132
14.050 0.00942751
14.150 0.0118242
14.250 0.0111948
14.350 0.00995261
14.450 0.00998457
14.550 0.00990342
14.650 0.010537
14.750 0.0103946
14.850 0.00966757
14.950 0.00895902
15.050 0.00733227
15.150 0.0102122
15.250 0.0098761
15.350 0.0105977
15.450 0.00967135
15.550 0.00988843
15.650 0.00904114
15.750 0.00963884
15.850 0.0107835
15.950 0.0100932
16.050 0.00951047
16.150 0.0104318
16.250 0.00936711
16.350 0.0101341
16.450 0.010403
16.550 0.0102776
16.650 0.0102395
16.750 0.0104955
16.850 0.0106201
16.950 0.0115201
17.050 0.0106561
17.150 0.0121741
17.250 0.0117562
17.350 0.011308
17.450 0.0113722
17.550 0.0123904
17.650 0.0120235
17.750 0.0124491
17.850 0.0110901
17.950 0.0133064
18.050 0.0122557
18.150 0.0127288
18.250 0.0134738
18.350 0.0128726
18.450 0.0132525
18.550 0.0117066
18.650 0.0136809
18.750 0.0125637
18.850 0.0129944
18.950 0.012792
19.050 0.012658
19.150 0.0126867
19.250 0.0132228
19.350 0.0139044
19.450 0.0138863
19.550 0.0143302
19.650 0.0140626
19.750 0.0142829
19.850 0.0138704
19.950 0.0140867
