0.050 0
0.150 0
0.250 0
0.350 0
0.450 0
0.550 0
0.650 0
0.750 0
0.850 0
0.950 0
1.050 0
1.150 0
1.250 0
1.350 0
1.450 0
1.550 0
1.650 0
1.750 0
1.850 0
1.950 0
2.050 0
2.150 0
2.250 0
2.350 0.000100621
2.450 0.011105
2.550 0.104476
2.650 0.251463
2.750 0.274791
2.850 0.202913
2.950 0.135325
3.050 0.0843187
3.150 0.055089
3.250 0.0435469
3.350 0.0355411
3.450 0.029917
3.550 0.0285198
3.650 0.0309399
3.750 0.0338153
3.850 0.0339555
3.950 0.0353913
4.050 0.0351893
4.150 0.0349009
4.250 0.0342622
4.350 0.0333215
4.450 0.0342254
4.550 0.0331937
4.650 0.0327835
4.750 0.0316148
4.850 0.0308677
4.950 0.0299052
5.050 0.0299526
5.150 0.0288425
5.250 0.0281372
5.350 0.027464
5.450 0.0277186
5.550 0.0264222
5.650 0.0259301
5.750 0.0262124
5.850 0.0255349
5.950 0.023758
6.050 0.0238441
6.150 0.0235892
6.250 0.0229257
6.350 0.0228431
6.450 0.0204979
6.550 0.0208868
6.650 0.0202633
6.750 0.018765
6.850 0.0190619
6.950 0.0185518
7.050 0.0181298
7.150 0.0191367
7.250 0.019532
7.350 0.0187471
7.450 0.0190679
7.550 0.0187124
7.650 0.0191757
7.750 0.0195165
7.850 0.0203566
7.950 0.0199093
8.050 0.0190406
8.150 0.0202406
8.250 0.0205038
8.350 0.0197048
8.450 0.0191946
8.550 0.0194474
8.650 0.0192379
8.750 0.0193304
8.850 0.0194138
8.950 0.0188368
9.050 0.0193249
9.150 0.0179958
9.250 0.0188685
9.350 0.0179014
9.450 0.0169397
9.550 0.016593
9.650 0.0162986
9.750 0.0152355
9.850 0.0146872
9.950 0.0142925
10.050 0.0138004
10.150 0.0126617
10.250 0.0119346
10.350 0.0116325
10.450 0.0111463
10.550 0.0107415
10.650 0.0101782
10.750 0.00996565
10.850 0.00982999
10.950 0.00968831
11.050 0.00984134
11.150 0.00994715
11.250 0.0101092
11.350 0.0099145
11.450 0.0100472
11.550 0.0103779
11.650 0.0101473
11.750 0.0103415
11.850 0.010049
11.950 0.0101421
12.050 0.00981766
12.150 0.00960409
12.250 0.00896659
12.350 0.00921169
12.450 0.0092578
12.550 0.00918142
12.650 0.00899518
12.750 0.00928527
12.850 0.00907071
12.950 0.00899742
13.050 0.00937874
13.150 0.0095193
13.250 0.00999634
13.350 0.0103086
13.450 0.00998695
13.550 0.0106177
13.650 0.0106774
13.750 0.0108106
13.850 0.0107679
13.950 0.0111595
14.050 0.0109196
14.150 0.0110793
14.250 0.0109353
14.350 0.0110128
14.450 0.0109486
14.550 0.0108617
14.650 0.0112031
14.750 0.0107018
14.850 0.0110444
14.950 0.0109395
15.050 0.0112582
15.150 0.0109211
15.250 0.0107307
15.350 0.0110323
15.450 0.0111086
15.550 0.0110328
15.650 0.0110964
15.750 0.0109962
15.850 0.0111765
15.950 0.0113009
16.050 0.0110592
16.150 0.0115446
16.250 0.011546
16.350 0.0118479
16.450 0.0119137
16.550 0.0122205
16.650 0.0122344
16.750 0.0125126
16.850 0.0121433
16.950 0.0125264
17.050 0.0124756
17.150 0.0124023
17.250 0.0123092
17.350 0.0124077
17.450 0.0125012
17.550 0.0122491
17.650 0.0124799
17.750 0.0124807
17.850 0.0121077
17.950 0.0118542
18.050 0.0121751
18.150 0.0122386
18.250 0.0119964
18.350 0.0118445
18.450 0.0120216
18.550 0.0121734
18.650 0.0121534
18.750 0.0124254
18.850 0.0125989
18.950 0.0125854
19.050 0.0128424
19.150 0.0131283
19.250 0.0133251
19.350 0.013486
19.450 0.0137015
19.550 0.0137231
19.650 0.0137981
19.750 0.0140775
19.850 0.0141504
19.950 0.0143787
